100  143.463  
129.293  140.768  
158.586  137.582  
187.879  134.004  
217.172  130.151  
246.465  126.084  
275.758  121.882  
305.051  117.596  
334.343  113.288  
363.636  108.99  
392.929  104.741  
422.222  100.561  
451.515  96.4738  
480.808  92.4946  
510.101  88.6329  
539.394  84.8972  
568.687  81.293  
597.98  77.8227  
627.273  74.4896  
656.566  71.2891  
685.859  68.2112  
715.152  65.2751  
744.444  62.4639  
773.737  59.7811  
803.03  57.2216  
832.323  54.7753  
861.616  52.4433  
890.909  50.2157  
920.202  48.0893  
949.495  46.0603  
978.788  44.1282  
1008.08  42.2863  
1037.37  40.5302  
1066.67  38.8555  
1095.96  37.261  
1125.25  35.7411  
1154.55  34.2897  
1183.84  32.9055  
1213.13  31.5853  
1242.42  30.3186  
1271.72  29.1177  
1301.01  27.966  
1330.3  26.871  
1359.6  25.8285  
1388.89  24.8349  
1418.18  23.8826  
1447.47  22.9767  
1476.77  22.1064  
1506.06  21.2747  
1535.35  20.4785  
1564.65  19.7207  
1593.94  18.9909  
1623.23  18.296  
1652.53  17.631  
1681.82  16.9946  
1711.11  16.3852  
1740.4  15.8017  
1769.7  15.2426  
1798.99  14.707  
1828.28  14.193  
1857.58  13.7008  
1886.87  13.2294  
1916.16  12.7768  
1945.45  12.3427  
1974.75  11.9256  
2004.04  11.5262  
2033.33  11.1416  
2062.63  10.7733  
2091.92  10.42  
2121.21  10.0785  
2150.51  9.75316  
2179.8  9.43863  
2209.09  9.13669  
2238.38  8.8445  
2267.68  8.56474  
2296.97  8.2969  
2326.26  8.03726  
2355.56  7.78783  
2384.85  7.54653  
2414.14  7.31416  
2443.43  7.09074  
2472.73  6.87567  
2502.02  6.66888  
2531.31  6.46955  
2560.61  6.27737  
2589.9  6.09203  
2619.19  5.91325  
2648.48  5.74077  
2677.78  5.57433  
2707.07  5.41317  
2736.36  5.25858  
2765.66  5.10884  
2794.95  4.96375  
2824.24  4.82406  
2853.54  4.68911  
2882.83  4.55869  
2912.12  4.43264  
2941.41  4.31078  
2970.71  4.19295  
3000  4.079  
