m_sgluon,Tree_XSection,1L_XSection
1000  10.726    14.2077
1445.44  10.726    14.198
1737.8  10.726    14.201
2089.3  10.726    14.2102
2511.89  10.726    14.226
3019.95  10.726    14.2487
3630.78  10.726    14.2788
4365.16  10.726    14.3167
5248.07  10.726    14.3625
6309.57  10.726    14.4166
7585.78  10.726    14.4789
9120.11  10.726    14.5493
10964.8  10.726    14.6268
13182.6  10.726    14.7108
15848.9  10.726    14.8
19054.6  10.726    14.8945
22908.7  10.726    14.9928
27542.3  10.726    15.0938
33113.1  10.726    15.1974
39810.7  10.726    15.3027
47863  10.726    15.4094
57544  10.726    15.5171
69183.1  10.726    15.6256
83176.4  10.726    15.7344
100000  10.726    15.8439
120226  10.726    15.9537
144544  10.726    16.0637
173780  10.726    16.1737
208930  10.726    16.284
251189  10.726    16.3944
301995  10.726    16.5048
363078  10.726    16.6153
436516  10.726    16.7259
524807  10.726    16.8362
630957  10.726    16.9467
758578  10.726    17.0573
912011  10.726    17.1679
1.09648e+06  10.726    17.2785
1.31826e+06  10.726    17.3891
1.58489e+06  10.726    17.4994
1.90546e+06  10.726    17.61
2.29087e+06  10.726    17.7206
2.75423e+06  10.726    17.8312
3.31131e+06  10.726    17.9418
3.98107e+06  10.726    18.0525
4.7863e+06  10.726    18.1631
5.7544e+06  10.726    18.2737
6.91831e+06  10.726    18.385
8.31764e+06  10.726    18.4956
1e+07  10.726    18.6062
1.20226e+07  10.726    18.7168
1.44544e+07  10.726    18.8274
1.7378e+07  10.726    18.9381
2.0893e+07  10.726    19.0487
2.51189e+07  10.726    19.1589
3.01995e+07  10.726    19.2695
3.63078e+07  10.726    19.3802
4.36516e+07  10.726    19.4908
5.24807e+07  10.726    19.6014
6.30957e+07  10.726    19.712
7.58578e+07  10.726    19.8226
9.12011e+07  10.726    19.9332
1.09648e+08  10.726    20.0438
1.31826e+08  10.726    20.1545
1.58489e+08  10.726    20.2651
1.90546e+08  10.726    20.3757
2.29087e+08  10.726    20.4863
2.75423e+08  10.726    20.5969
3.31131e+08  10.726    20.7075
3.98107e+08  10.726    20.8182
4.7863e+08  10.726    20.9288
5.7544e+08  10.726    21.0394
6.91831e+08  10.726    21.15
8.31764e+08  10.726    21.2606
1e+09  10.726    21.3707
1.20226e+09  10.726    21.4813
1.44544e+09  10.726    21.5919
1.7378e+09  10.726    21.7026
2.0893e+09  10.726    21.8132
2.51189e+09  10.726    21.9238
3.01995e+09  10.726    22.0344
3.63078e+09  10.726    22.145
4.36516e+09  10.726    22.2556
5.24807e+09  10.726    22.3662
6.30957e+09  10.726    22.4768
7.58578e+09  10.726    22.5874
9.12011e+09  10.726    22.698
1.09648e+10  10.726    22.8086
1.31826e+10  10.726    22.9193
1.58489e+10  10.726    23.0299
1.90546e+10  10.726    23.1405
2.29087e+10  10.726    23.2511
2.75423e+10  10.726    23.3617
3.31131e+10  10.726    23.4723
3.98107e+10  10.726    23.5829
4.7863e+10  10.726    23.6935
5.7544e+10  10.726    23.8041
6.91831e+10  10.726    23.9147
8.31764e+10  10.726    24.0253
1e+11  10.726    24.136
