m_squark,Tree_XSection,Virt_XSection,Real_XSection,1L_XSection
100  263.986  -171.853   105.24    197.372
138  214.97  -89.7026   54.423    179.691
157  196.269  -66.1476   44.5404    174.662
176  180.117  -49.7789   32.48    162.818
195  165.931  -37.2978   26.3735    155.006
214  153.354  -27.87   21.8277    147.311
233  142.089  -20.6248   18.115    139.579
252  131.922  -14.9859   15.3901    132.326
271  122.695  -10.5643   12.0102    124.141
290  114.282  -7.08099   10.9266    118.128
309  106.576  -4.31156   9.054    111.319
328  99.4937  -2.11686   8.12433    105.501
347  92.9688  -0.367743   7.58601    100.187
366  86.9408  1.0204   6.71224    94.6735
385  81.3609  2.1159   5.85217    89.329
404  76.1841  2.98288   5.37275    84.5397
423  71.3726  3.65787   4.98214    80.0126
442  66.8976  4.18155   4.92874    76.0079
461  62.7295  4.57265   4.04731    71.3495
480  58.8432  4.86309   4.1212    67.8275
499  55.2201  5.06774   3.36319    63.651
518  51.8256  5.19848   3.54621    60.5703
537  48.6567  5.27469   3.06989    57.0013
556  45.6899  5.31025   3.08236    54.0825
575  42.9123  5.29763   3.09894    51.3089
594  40.3106  5.25107   2.42551    47.9871
613  37.8728  5.19335   2.40579    45.472
632  35.5867  5.10356   2.55182    43.242
651  33.4418  5.00568   2.291    40.7385
670  31.4299  4.88706   2.26174    38.5787
689  29.541  4.76487   2.14748    36.4533
708  27.7671  4.6305   1.96919    34.3668
727  26.1011  4.48914   2.0165    32.6067
746  24.5356  4.34856   1.84366    30.7278
765  23.0647  4.20756   1.7245    28.9968
784  21.6824  4.06144   1.75698    27.5008
803  20.383  3.91991   1.58927    25.8922
822  19.1616  3.77581   1.60793    24.5454
841  18.0128  3.63303   1.40466    23.0505
860  16.9327  3.49388   1.46455    21.8911
879  15.917  3.35695   1.38229    20.6562
898  14.9616  3.22233   1.33103    19.515
917  14.063  3.09146   1.23131    18.3858
936  13.2178  2.96118   1.21647    17.3954
955  12.4227  2.84163   1.14205    16.4064
974  11.6746  2.72192   1.08883    15.4854
993  10.9709  2.6024   1.05363    14.627
1012  10.309  2.48954   1.06863    13.8671
1031  9.68616  2.3781   1.002    13.0663
1050  9.10036  2.2711   0.913817    12.2853
1069  8.54928  2.16964   0.907663    11.6266
1088  8.03084  2.07207   0.869386    10.9723
1107  7.54326  1.97151   0.852495    10.3673
1126  7.08444  1.88628   0.771036    9.74175
1145  6.653  1.79929   0.73203    9.18433
1164  6.24724  1.71499   0.70028    8.66251
1183  5.86547  1.63339   0.664967    8.16383
1202  5.5065  1.55639   0.622237    7.68513
1221  5.16896  1.48138   0.595321    7.24566
1240  4.85151  1.41018   0.597143    6.85884
1259  4.55302  1.34307   0.593969    6.49006
1278  4.27236  1.27834   0.538819    6.08952
1297  4.00852  1.21499   0.515743    5.73925
1316  3.76052  1.1548   0.490004    5.40532
1335  3.52736  1.09934   0.474868    5.10156
1354  3.30824  1.04249   0.439188    4.78992
1373  3.10233  0.9907   0.422261    4.51529
1392  2.90884  0.94105   0.399805    4.2497
1411  2.72703  0.894468   0.384937    4.00643
1430  2.55627  0.848819   0.370282    3.77537
1449  2.39584  0.805187   0.351955    3.55298
1468  2.24514  0.763087   0.326942    3.33517
1487  2.10363  0.723318   0.315391    3.14234
1506  1.97075  0.685777   0.299611    2.95613
1525  1.84598  0.64991   0.275558    2.77145
1544  1.72885  0.615592   0.266028    2.61047
1563  1.61887  0.583201   0.255762    2.45784
1582  1.51569  0.552441   0.240652    2.30878
1601  1.41884  0.522957   0.230418    2.17221
1620  1.32796  0.495051   0.22068    2.04369
1639  1.24271  0.4687   0.209782    1.92119
1658  1.16274  0.442946   0.194833    1.80051
1677  1.08759  0.418728   0.185984    1.6923
1696  1.01738  0.395758   0.177677    1.59082
1715  0.951419  0.374101   0.169126    1.49465
1734  0.889584  0.353362   0.158435    1.40138
1753  0.831616  0.333743   0.149524    1.31488
1772  0.7773  0.315382   0.142841    1.23552
1791  0.726391  0.297425   0.135415    1.15923
1810  0.678692  0.28083   0.126593    1.08612
1829  0.634016  0.264929   0.12137    1.02031
1848  0.59217  0.249891   0.111847    0.953908
1867  0.552986  0.2354   0.106198    0.894584
1886  0.516294  0.221663   0.102618    0.840575
1905  0.481951  0.208692   0.096088    0.786731
1924  0.449802  0.196429   0.0895035    0.735735
1943  0.41972  0.18499   0.0844643    0.689174
1962  0.391573  0.174067   0.0805621    0.646202
1981  0.365241  0.163674   0.0769202    0.605835
2000  0.34061  0.1536   0.0721005    0.56631
