m_gluino,Tree_XSection,1L_XSection
100  134.334    260.617
138  130.991    250.647
157  129.039    245.325
176  126.933    240.607
195  124.697    235.009
214  122.354    228.991
233  119.923    223.779
252  117.423    218.701
271  114.872    212.858
290  112.286    207.486
309  109.677    202.251
328  107.059    196.276
347  104.441    191.236
366  101.833    185.352
385  99.2435    180.62
404  96.6789    175.016
423  94.1452    169.61
442  91.6474    164.497
461  89.1896    159.952
480  86.7754    154.306
499  84.4074    150.15
518  82.0881    145.506
537  79.8189    140.528
556  77.6014    136.056
575  75.4362    131.585
594  73.3241    127.327
613  71.2766    123.231
632  69.2706    118.826
651  67.3178    115.184
670  65.4179    111.335
689  63.5701    107.555
708  61.7741    104.192
727  60.0289    100.593
746  58.3338    97.2506
765  56.6878    93.7005
784  55.0898    90.6968
803  53.539    87.6781
822  52.0341    84.755
841  50.5742    81.8285
860  49.1581    79.055
879  47.7846    76.1994
898  46.4527    73.8198
917  45.1612    71.4124
936  43.909    69.0505
955  42.695    66.7604
974  41.5181    64.3379
993  40.3771    62.4364
1012  39.271    60.4567
1031  38.1988    58.6923
1050  37.1594    56.872
1069  36.1518    54.9607
1088  35.175    53.3916
1107  34.228    51.6817
1126  33.31    50.2728
1145  32.42    48.4105
1164  31.5571    47.1338
1183  30.7204    45.6844
1202  29.9091    44.2176
1221  29.1223    42.8594
1240  28.3594    41.6361
1259  27.6195    40.4266
1278  26.9037    39.1463
1297  26.2075    38.1683
1316  25.5321    36.8695
1335  24.8769    35.945
1354  24.2412    34.8946
1373  23.6244    33.7967
1392  23.0258    32.8752
1411  22.4449    32.1164
1430  21.8811    31.0524
1449  21.3338    30.2115
1468  20.8025    29.4092
1487  20.2867    28.6928
1506  19.7859    27.8067
1525  19.2995    27.0271
1544  18.8272    26.2385
1563  18.3685    25.654
1582  17.9228    24.9453
1601  17.49    24.2551
1620  17.0694    23.6042
1639  16.6607    23.0797
1658  16.2635    22.4109
1677  15.8775    21.9092
1696  15.5024    21.3137
1715  15.1377    20.7659
1734  14.7831    20.1994
1753  14.4384    19.7454
1772  14.1032    19.2323
1791  13.7772    18.7772
1810  13.4601    18.3332
1829  13.1517    17.866
1848  12.8516    17.365
1867  12.561    16.9694
1886  12.2769    16.4957
1905  12.0005    16.1935
1924  11.7314    15.7655
1943  11.4695    15.3737
1962  11.2146    14.961
1981  10.9677    14.6449
2000  10.726    14.3473
