100  286.579  
119.192  255.567  
138.384  230.42  
157.576  209.429  
176.768  191.315  
195.96  175.69  
215.152  161.764  
234.343  149.481  
253.535  138.485  
272.727  128.485  
291.919  119.448  
311.111  111.27  
330.303  103.707  
349.495  96.806  
368.687  90.3637  
387.879  84.4981  
407.071  79.1092  
426.263  74.0529  
445.455  69.3896  
464.646  64.9914  
483.838  60.9938  
503.03  57.199  
522.222  53.6777  
541.414  50.4011  
560.606  47.3605  
579.798  44.474  
598.99  41.8161  
618.182  39.2303  
637.374  36.8495  
656.566  34.6414  
675.758  32.5946  
694.949  30.6453  
714.141  28.7917  
733.333  27.0714  
752.525  25.4726  
771.717  23.9005  
790.909  22.5425  
810.101  21.2002  
829.293  19.9357  
848.485  18.7557  
867.677  17.6492  
886.869  16.6007  
906.061  15.6246  
925.253  14.6789  
944.444  13.8219  
963.636  13.0091  
982.828  12.2293  
1002.02  11.5051  
1021.21  10.8153  
1040.4  10.167  
1059.6  9.55883  
1078.79  8.99602  
1097.98  8.4304  
1117.17  7.9515  
1136.36  7.47769  
1155.56  7.02865  
1174.75  6.6051  
1193.94  6.20714  
1213.13  5.83307  
1232.32  5.48206  
1251.52  5.15451  
1270.71  4.84325  
1289.9  4.54646  
1309.09  4.2702  
1328.28  4.01704  
1347.47  3.76482  
1366.67  3.53641  
1385.86  3.32166  
1405.05  3.12406  
1424.24  2.92911  
1443.43  2.7479  
1462.63  2.57685  
1481.82  2.41706  
1501.01  2.26697  
1520.2  2.12626  
1539.39  1.99309  
1558.59  1.86971  
1577.78  1.75391  
1596.97  1.64365  
1616.16  1.54081  
1635.35  1.44479  
1654.55  1.35272  
1673.74  1.26715  
1692.93  1.18659  
1712.12  1.11131  
1731.31  1.04057  
1750.51  0.974281  
1769.7  0.912231  
1788.89  0.853735  
1808.08  0.799253  
1827.27  0.747005  
1846.46  0.699349  
1865.66  0.653615  
1884.85  0.610777  
1904.04  0.570988  
1923.23  0.53361  
1942.42  0.499089  
1961.62  0.466349  
1980.81  0.436315  
2000  0.407427  
