100  2275.56  
119.192  1987.59  
138.384  1757.24  
157.576  1560.31  
176.768  1395.43  
195.96  1256.94  
215.152  1132.71  
234.343  1023.45  
253.535  928.391  
272.727  843.589  
291.919  770.859  
311.111  703.523  
330.303  643.175  
349.495  589.011  
368.687  539.719  
387.879  495.256  
407.071  455.288  
426.263  419.105  
445.455  385.78  
464.646  355.457  
483.838  328.081  
503.03  302.485  
522.222  278.987  
541.414  257.536  
560.606  238.536  
579.798  220.506  
598.99  204.023  
618.182  188.872  
637.374  174.933  
656.566  161.918  
675.758  150.16  
694.949  139.137  
714.141  128.954  
733.333  119.541  
752.525  110.9  
771.717  102.6  
790.909  95.5038  
810.101  88.6647  
829.293  82.301  
848.485  76.3945  
867.677  70.9528  
886.869  65.9342  
906.061  61.224  
925.253  56.8623  
944.444  52.8619  
963.636  49.101  
982.828  45.6727  
1002.02  42.4575  
1021.21  39.4238  
1040.4  36.5772  
1059.6  34.0371  
1078.79  31.6478  
1097.98  29.4187  
1117.17  27.3574  
1136.36  25.4288  
1155.56  23.6555  
1174.75  21.984  
1193.94  20.4298  
1213.13  18.9962  
1232.32  17.675  
1251.52  16.4402  
1270.71  15.297  
1289.9  14.2017  
1309.09  13.195  
1328.28  12.2663  
1347.47  11.4055  
1366.67  10.6087  
1385.86  9.87089  
1405.05  9.18204  
1424.24  8.53366  
1443.43  7.92951  
1462.63  7.36308  
1481.82  6.84215  
1501.01  6.35576  
1520.2  5.90628  
1539.39  5.48679  
1558.59  5.09749  
1577.78  4.73857  
1596.97  4.40398  
1616.16  4.09139  
1635.35  3.80118  
1654.55  3.52905  
1673.74  3.27649  
1692.93  3.04177  
1712.12  2.82591  
1731.31  2.62473  
1750.51  2.43617  
1769.7  2.26034  
1788.89  2.09973  
1808.08  1.94851  
1827.27  1.80772  
1846.46  1.67803  
1865.66  1.55674  
1884.85  1.44392  
1904.04  1.33897  
1923.23  1.24199  
1942.42  1.15245  
1961.62  1.06928  
1980.81  0.991416  
2000  0.918178  
