m_squark,Virt_XSection
100  -147.521
138  -40.7653
157  -15.6799
176  0.347317
195  10.6396
214  17.1857
233  21.2448
252  23.6122
271  24.8063
290  25.2204
309  25.0509
328  24.5585
347  23.7666
366  22.8628
385  21.8322
404  20.7617
423  19.657
442  18.5388
461  17.4874
480  16.422
499  15.3993
518  14.4432
537  13.5173
556  12.6497
575  11.8079
594  11.0308
613  10.2945
632  9.59978
651  8.95819
670  8.35404
689  7.78676
708  7.24993
727  6.75743
746  6.30163
765  5.8666
784  5.46909
803  5.09242
822  4.74123
841  4.42065
860  4.11682
879  3.83622
898  3.56834
917  3.33063
936  3.10405
955  2.89344
974  2.6968
993  2.51243
1012  2.3413
1031  2.18378
1050  2.03839
1069  1.90089
1088  1.77445
1107  1.65636
1126  1.54446
1145  1.442
1164  1.34562
1183  1.25735
1202  1.17472
1221  1.09659
1240  1.0242
1259  0.957113
1278  0.895589
1297  0.835667
1316  0.781524
1335  0.730936
1354  0.683531
1373  0.63889
1392  0.597451
1411  0.559101
1430  0.523084
1449  0.489388
1468  0.457684
1487  0.428072
1506  0.401081
1525  0.375277
1544  0.351588
1563  0.329108
1582  0.307834
1601  0.288093
1620  0.269818
1639  0.253064
1658  0.237219
1677  0.221585
1696  0.207389
1715  0.19404
1734  0.181651
1753  0.170069
1772  0.159298
1791  0.148898
1810  0.139665
1829  0.130511
1848  0.122103
1867  0.114105
1886  0.106742
1905  0.0998479
1924  0.0933437
1943  0.0871152
1962  0.0812961
1981  0.0758216
2000  0.0705575
