m_sq,dd,du,ds,dc,db,uu,us,uc,ub,ss,sc,sb,cc,cb,bb,at_factorization_and renorm_scale_q=m_sq,first_Xsection_then_charged_conjugated_Xsection
100      43370.6      10582      63344.9      9055.93      17005.1      6687.17      12411.1      4869.82      8336.75      3120.27      88296      7701.07      28226.1      5611.87      20974.4      4079.19      14366.1      2594.59      4398.59      3974.56      3035.38      2876.06      1909.3      1798.93      2082.88      2082.88      1300.34      1300.34      803.536      803.536
138      14041.4      2842.49      21307      2385.86      4821.12      1694.14      3470.94      1235.62      2320.19      788.864      30904.6      1991.95      8322.1      1397.32      6091.07      1018.69      4147.09      646.232      1083.33      952.639      741.424      693.446      465.652      433.021      505.24      505.24      315.281      315.281      194.883      194.883
157      8841.82      1642.53      13648.9      1367.22      2854.72      953.453      2042.3      696.258      1360.33      443.138      20157.1      1132.61      5011.66      780.856      3642.68      570.254      2470.22      360.78      602.995      523.558      411.131      382.219      257.638      238.143      279.263      279.263      173.956      173.956      107.362      107.362
176      5840.31      1000.09      9161.04      826.249      1778.93      566.537      1265.22      414.362      839.568      262.834      13759.7      679.705      3171.62      461.124      2290.43      337.415      1546.82      212.829      354.975      304.538      241.204      222.975      150.765      138.571      163.364      163.364      101.54      101.54      62.5444      62.5444
195      4003.17      633.917      6375.05      520.171      1153.21      351.006      815.672      257.19      539.141      162.55      9729.6      425.219      2085.84      284.138      1497.19      208.349      1006.84      130.99      218.18      185.049      147.787      135.882      92.111      84.2078      99.8252      99.8252      61.8923      61.8923      38.0338      38.0338
214      2827.62      415.181      4568.19      338.565      772.077      225.019      543.244      165.209      357.627      104.02      7078.77      275.175      1415.5      181.263      1010.19      133.212      676.432      83.4601      138.906      116.53      93.8157      85.8135      58.2917      53.0179      63.2108      63.2108      39.083      39.083      23.9538      23.9538
233      2048.45      279.633      3354.96      226.737      531.334      148.557      372.029      109.312      243.926      68.56      5274.44      183.324      986.629      119.149      700.336      87.7695      466.956      54.7938      91.1631      75.6864      61.4079      55.8943      38.0335      34.425      41.2809      41.2809      25.4501      25.4501      15.5548      15.5548
252      1516.09      192.885      2515.62      155.589      374.351      100.582      260.919      74.1855      170.39      46.3485      4009.69      125.202      703.564      80.3563      496.894      59.3381      329.92      36.9112      61.4098      50.4842      41.2669      37.3866      25.476      22.9533      27.6841      27.6841      17.017      17.017      10.3706      10.3706
271      1142.75      135.797      1919.92      109.023      269.125      69.5961      186.78      51.4578      121.49      32.0241      3100.67      87.3501      511.635      55.4061      359.638      41.0163      237.801      25.4219      42.3057      34.4558      28.3675      25.5862      17.455      15.6584      18.9949      18.9949      11.6406      11.6406      7.07317      7.07317
290      874.895      97.2905      1487.61      77.7707      196.855      49.06      136.077      36.366      88.1616      22.5436      2432.94      62.0644      378.372      38.9337      264.783      28.895      174.369      17.844      29.7096      23.9833      19.8821      17.8571      12.1931      10.8931      13.2904      13.2904      8.11978      8.11978      4.91891      4.91891
309      678.738      70.7224      1167.52      56.308      146.099      35.1221      100.61      26.102      64.9257      16.1169      1932.8      44.7726      283.812      27.7925      197.772      20.6792      129.711      12.723      21.1987      16.9681      14.1607      12.6668      8.65478      7.70157      9.45092      9.45092      5.75582      5.75582      3.47596      3.47596
328      532.589      52.049      926.49      41.2882      109.791      25.4778      75.3355      18.9845      48.422      11.6749      1551.96      32.7195      215.494      20.1079      149.561      14.9999      97.6936      9.19395      15.3329      12.1732      10.2251      9.11055      6.22762      5.52076      6.8143      6.8143      4.13657      4.13657      2.49004      2.49004
347      422.989      38.8858      743.742      30.7474      83.7083      18.7901      57.2544      14.038      36.6629      8.60049      1259.85      24.295      165.906      14.7963      114.727      11.0657      74.6551      6.75862      11.2816      8.89062      7.51299      6.67012      4.56094      4.02939      5.00088      5.00088      3.02658      3.02658      1.81641      1.81641
366      339.009      29.3424      602.32      23.1328      64.468      14.0067      43.9607      10.4918      28.0444      6.40323      1031.43      18.229      128.993      11.0069      88.8923      8.25246      57.6239      5.02222      8.39219      6.56675      5.58165      4.93839      3.37719      2.97379      3.71118      3.71118      2.23906      2.23906      1.33962      1.33962
385      273.634      22.293      491.201      17.5261      50.0152      10.5165      34.0042      7.89824      21.608      4.8009      850.187      13.7756      101.027      8.24821      69.3849      6.1997      44.8016      3.75861      6.28905      4.88683      4.17767      3.68364      2.51875      2.21072      2.77467      2.77467      1.66846      1.66846      0.994917      0.994917
404      223.02      17.1614      404.261      13.4602      39.2836      8.01329      26.6399      6.03351      16.8678      3.65403      706.815      10.5571      80.0551      6.27486      54.8188      4.72786      35.2689      2.85646      4.78508      3.69542      3.17568      2.79172      1.90855      1.6704      2.10748      2.10748      1.26349      1.26349      0.751196      0.751196
423      182.744      13.2711      334.485      10.3856      31.0162      6.13461      20.9802      4.63073      13.2339      2.79344      590.711      8.12894      63.7742      4.79637      43.5419      3.62261      27.9079      2.18057      3.65812      2.8078      2.42549      2.12579      1.45264      1.26778      1.60829      1.60829      0.961075      0.961075      0.56953      0.56953
442      150.815      10.3582      278.635      8.09053      24.7061      4.74536      16.6743      3.59084      10.48      2.15807      496.843      6.32141      51.2358      3.70538      34.8886      2.80512      22.2812      1.68258      2.82655      2.15754      1.87276      1.63686      1.11794      0.973194      1.24099      1.24099      0.739305      0.739305      0.436763      0.436763
461      125.147      8.13241      233.345      6.34097      19.8002      3.69426      13.3348      2.80218      8.35051      1.67769      420.03      4.94648      41.4102      2.88125      28.1267      2.18618      17.8977      1.30662      2.19826      1.66908      1.45552      1.26882      0.86595      0.751998      0.963942      0.963942      0.572436      0.572436      0.337107      0.337107
480      104.386      6.42399      196.391      5.00131      15.9653      2.8957      10.7311      2.20156      6.69582      1.31314      356.784      3.89597      33.6673      2.25614      22.8139      1.71564      14.4651      1.02176      1.72162      1.30076      1.13931      0.990742      0.675579      0.585362      0.754172      0.754172      0.446461      0.446461      0.262095      0.262095
499      87.4998      5.10324      166.077      3.96775      12.947      2.28391      8.68665      1.74033      5.40062      1.03412      304.439      3.087      27.5256      1.77788      18.6111      1.35483      11.7583      0.804012      1.35688      1.02044      0.897532      0.778675      0.530429      0.458628      0.593882      0.593882      0.350458      0.350458      0.205082      0.205082
518      73.6857      4.0777      141.065      3.16686      10.559      1.81326      7.07292      1.38467      4.38187      0.819764      260.866      2.46132      22.6274      1.41046      15.2685      1.07703      9.61299      0.636944      1.07662      0.806271      0.71192      0.616332      0.419368      0.361912      0.470929      0.470929      0.277046      0.277046      0.161623      0.161623
537      62.2537      3.26663      120.207      2.53437      8.63885      1.4436      5.77758      1.10471      3.56626      0.65149      224.242      1.96784      18.6619      1.12215      12.5679      0.858595      7.88422      0.505904      0.856639      0.638883      0.566283      0.489225      0.332426      0.286348      0.374486      0.374486      0.219586      0.219586      0.127679      0.127679
556      52.8904      2.64002      102.964      2.04672      7.12302      1.16082      4.75773      0.890018      2.92693      0.523057      193.678      1.58809      15.5035      0.901901      10.4237      0.691336      6.51752      0.40602      0.688568      0.511774      0.455131      0.392511      0.266355      0.229087      0.300952      0.300952      0.175954      0.175954      0.10201      0.10201
575      44.9854      2.13011      88.3147      1.65021      5.87222      0.931698      3.91696      0.715747      2.40075      0.418981      167.538      1.27954      12.8829      0.723532      8.64678      0.555645      5.38685      0.32511      0.552418      0.409099      0.36508      0.314269      0.2129      0.182818      0.241369      0.241369      0.140643      0.140643      0.0812621      0.0812621
594      38.4994      1.73713      76.177      1.34518      4.88501      0.756791      3.25518      0.582376      1.98862      0.339757      145.664      1.04258      10.7952      0.587538      7.2356      0.451947      4.49323      0.263593      0.4486      0.331278      0.296483      0.25485      0.172378      0.147841      0.196027      0.196027      0.113896      0.113896      0.0656196      0.0656196
613      32.9782      1.41471      65.7804      1.09509      4.06332      0.613857      2.70482      0.473196      1.64652      0.275027      126.808      0.848414      9.0478      0.476449      6.05585      0.367099      3.74755      0.213347      0.363773      0.267864      0.240429      0.20636      0.139318      0.119339      0.158969      0.158969      0.0920681      0.0920681      0.0528728      0.0528728
632      28.3421      1.15687      56.9818      0.895275      3.39355      0.5002      2.25688      0.386205      1.36902      0.223632      110.722      0.693419      7.61311      0.388167      5.08906      0.299544      3.13846      0.173472      0.296351      0.217651      0.195886      0.167904      0.113128      0.0967989      0.129528      0.129528      0.0747779      0.0747779      0.0428053      0.0428053
651      24.4594      0.952697      49.5492      0.737229      2.8512      0.410818      1.89487      0.317645      1.14569      0.183316      97.0141      0.570956      6.44166      0.318795      4.30151      0.24635      2.64433      0.142214      0.243365      0.17837      0.1609      0.137768      0.0926445      0.0792058      0.106416      0.106416      0.0612588      0.0612588      0.034966      0.034966
670      21.1106      0.782231      43.1027      0.605303      2.39238      0.336363      1.58874      0.260454      0.957123      0.149734      85.0565      0.468754      5.44581      0.261014      3.63246      0.201984      2.2252      0.116178      0.199225      0.145703      0.131743      0.112676      0.0755941      0.0645721      0.0871481      0.0871481      0.0500006      0.0500006      0.0284446      0.0284446
689      18.3004      0.647094      37.6451      0.500801      2.02012      0.277679      1.34079      0.215286      0.805063      0.123338      74.8433      0.387859      4.63103      0.215498      3.08624      0.166969      1.88446      0.0957211      0.164452      0.12007      0.108782      0.0929559      0.062224      0.0531172      0.0719794      0.0719794      0.0411737      0.0411737      0.0233526      0.0233526
708      15.8994      0.536903      32.9483      0.415628      1.71063      0.230025      1.13488      0.178545      0.679194      0.101943      65.9893      0.321957      3.94892      0.178548      2.62963      0.138497      1.60053      0.0791436      0.136223      0.0993223      0.0901422      0.0769718      0.0514049      0.0438599      0.0596662      0.0596662      0.0340303      0.0340303      0.0192445      0.0192445
727      13.814      0.44426      28.8462      0.34402      1.44686      0.190025      0.959429      0.147668      0.572127      0.0839915      58.2126      0.266553      3.36472      0.147533      2.23878      0.11457      1.35789      0.065233      0.112525      0.0819285      0.0744883      0.0635575      0.0423313      0.0361001      0.0493212      0.0493212      0.0280364      0.0280364      0.0158018      0.0158018
746      12.0519      0.370369      25.3497      0.286926      1.23129      0.158264      0.816245      0.123107      0.485145      0.0697825      51.5255      0.222396      2.88322      0.122912      1.91724      0.0955444      1.15915      0.0542235      0.0937157      0.0681673      0.0620648      0.0529295      0.0351622      0.0299775      0.0411123      0.0411123      0.0233004      0.0233004      0.0130933      0.0130933
765      10.5365      0.309742      22.3206      0.240088      1.05078      0.132285      0.696459      0.102988      0.412626      0.0581865      45.6906      0.186177      2.47722      0.102776      1.64645      0.0799614      0.99233      0.0452381      0.0783336      0.05694      0.0519039      0.0442478      0.0293185      0.0249917      0.0343978      0.0343978      0.0194391      0.0194391      0.0108923      0.0108923
784      9.20793      0.25816      19.6515      0.200229      0.895208      0.110199      0.59322      0.0858662      0.350219      0.0483325      40.522      0.155349      2.12571      0.0856537      1.41207      0.0666982      0.848159      0.0376005      0.065254      0.0474005      0.0432595      0.0368648      0.0243529      0.0207563      0.0286826      0.0286826      0.0161562      0.0161562      0.00902297      0.00902297
803      8.06737      0.215992      17.3425      0.16764      0.765283      0.0921837      0.507066      0.0718827      0.298328      0.0403155      36.0169      0.130142      1.83003      0.0716869      1.21514      0.0558654      0.727444      0.0313851      0.0545871      0.0396352      0.0362079      0.0308481      0.0203163      0.0173156      0.0240195      0.0240195      0.0134865      0.0134865      0.0075079      0.0075079
822      7.09582      0.182192      15.3581      0.141515      0.658284      0.0777901      0.436195      0.0606934      0.255856      0.0339361      32.1108      0.109935      1.58432      0.0605274      1.05175      0.0471973      0.627772      0.0264381      0.0460675      0.0334488      0.0305755      0.0260487      0.0171084      0.014584      0.0202948      0.0202948      0.0113644      0.0113644      0.00630963      0.00630963
841      6.23511      0.153013      13.5921      0.118953      0.56484      0.065363      0.37429      0.0510259      0.218801      0.0284303      28.6186      0.0924772      1.3689      0.0508899      0.908503      0.0397059      0.540489      0.0221669      0.0387103      0.0281076      0.0257086      0.0219021      0.014339      0.0122258      0.0170744      0.0170744      0.00953131      0.00953131      0.00527534      0.00527534
860      5.48107      0.128348      12.0359      0.0998735      0.48458      0.0548631      0.321124      0.0428509      0.187049      0.0237851      25.5231      0.0777094      1.18287      0.0427446      0.784847      0.0333691      0.465312      0.0185618      0.0324936      0.0235969      0.021594      0.0183976      0.0120024      0.0102364      0.0143505      0.0143505      0.00798378      0.00798378      0.00440386      0.00440386
879      4.84088      0.108749      10.7017      0.0847043      0.418847      0.0465365      0.277623      0.0363601      0.161216      0.0201196      22.844      0.0659632      1.02901      0.0362831      0.682725      0.0283361      0.40356      0.0157152      0.0275652      0.0200275      0.0183312      0.0156214      0.01016      0.00866864      0.0121901      0.0121901      0.00676307      0.00676307      0.00372023      0.00372023
898      4.2776      0.0921443      9.5208      0.0718455      0.362175      0.0394836      0.24012      0.030858      0.139002      0.017021      20.4588      0.0560015      0.89561      0.030808      0.59421      0.0240682      0.350169      0.0133077      0.0233906      0.0170054      0.0155661      0.0132691      0.00860241      0.00734338      0.0103583      0.0103583      0.0057305      0.0057305      0.00314336      0.00314336
917      3.77675      0.0777751      8.46589      0.060712      0.312518      0.0333769      0.207251      0.0260915      0.119561      0.0143404      18.318      0.0473724      0.778232      0.0260656      0.516323      0.0203694      0.303258      0.0112238      0.0197754      0.014388      0.0131699      0.0112307      0.00725432      0.00619614      0.00877001      0.00877001      0.00483622      0.00483622      0.00264429      0.00264429
936      3.33732      0.0656531      7.53449      0.0513131      0.269858      0.0282235      0.179013      0.0220669      0.102906      0.0120833      16.416      0.0400833      0.676795      0.0220617      0.449031      0.0172446      0.262837      0.00946806      0.0167245      0.0121792      0.0111466      0.00950952      0.00611882      0.00522968      0.00742805      0.00742805      0.00408249      0.00408249      0.00222468      0.00222468
955      2.9637      0.0560564      6.73437      0.0438636      0.234923      0.0241452      0.155902      0.0188792      0.0893595      0.0103078      14.7658      0.0343005      0.592839      0.0188906      0.3934      0.0147676      0.229617      0.00808545      0.0143106      0.010433      0.00954493      0.00814764      0.00522564      0.00446948      0.00636531      0.00636531      0.00348923      0.00348923      0.00189646      0.00189646
974      2.63061      0.0477543      6.01752      0.0374147      0.204264      0.0206142      0.135615      0.0161182      0.0774905      0.00877291      13.28      0.0292913      0.51882      0.0161438      0.344351      0.0126211      0.200382      0.00688942      0.0122205      0.00892047      0.00815716      0.00696745      0.00445305      0.00381172      0.00544393      0.00544393      0.00297574      0.00297574      0.00161283      0.00161283
993      2.33274      0.0405218      5.37354      0.0317927      0.177223      0.0175347      0.117715      0.0137095      0.0670332      0.00743566      11.9392      0.0249219      0.453266      0.013747      0.300902      0.0107474      0.174522      0.00584677      0.0103972      0.00760037      0.0069458      0.00593702      0.00377947      0.00323805      0.00463917      0.00463917      0.00252775      0.00252775      0.00136567      0.00136567
1012      2.06953      0.0343628      4.80106      0.0270008      0.153785      0.0149092      0.102197      0.0116552      0.0579912      0.00629817      10.7402      0.0211946      0.396127      0.0117021      0.263032      0.00914833      0.15204      0.00495914      0.0088425      0.00647413      0.0059122      0.00505757      0.00320609      0.0027495      0.00395205      0.00395205      0.00214614      0.00214614      0.0011556      0.0011556
1031      1.84465      0.0294598      4.30692      0.0231798      0.134471      0.0128159      0.0894105      0.0100169      0.0505868      0.00539708      9.69504      0.0182182      0.348539      0.01007      0.231512      0.00787147      0.133437      0.00425493      0.0076032      0.00557585      0.00508762      0.00435578      0.00275148      0.0023619      0.00340349      0.00340349      0.00184331      0.00184331      0.000989918      0.000989918
1050      1.64469      0.0252591      3.86496      0.0199027      0.117618      0.0110198      0.0782497      0.00861091      0.0441411      0.00462598      8.75497      0.0156632      0.306775      0.00866855      0.203848      0.00677478      0.117152      0.00365173      0.00653971      0.00480444      0.00437953      0.00375292      0.00236212      0.00202975      0.00293211      0.00293211      0.00158375      0.00158375      0.000848272      0.000848272
1069      1.4645      0.0215607      3.46506      0.0170152      0.102611      0.00943604      0.0683069      0.00737098      0.0384061      0.0039467      7.90081      0.0134104      0.269449      0.00743205      0.179115      0.00580701      0.102611      0.00312      0.00560172      0.00412346      0.00375458      0.00322061      0.0020188      0.00173673      0.00251581      0.00251581      0.00135475      0.00135475      0.000723411      0.000723411
1088      1.30355      0.018357      3.10596      0.0145116      0.0894141      0.00806169      0.0595597      0.00629492      0.0333709      0.00335834      7.12987      0.0114554      0.236468      0.00635825      0.157255      0.00496648      0.0897849      0.00265904      0.00478758      0.00353181      0.00321177      0.00275803      0.00172114      0.00148251      0.00215398      0.00215398      0.00115605      0.00115605      0.000615259      0.000615259
1107      1.16295      0.0157001      2.78978      0.012432      0.0781836      0.00691897      0.0521131      0.0054003      0.0291026      0.00287132      6.44583      0.00982914      0.208175      0.00546438      0.138504      0.00426678      0.078827      0.00227694      0.00411059      0.00303911      0.00276002      0.00237277      0.00147441      0.00127159      0.0018526      0.0018526      0.000991199      0.000991199      0.000525888      0.000525888
1126      1.0418      0.0135667      2.51457      0.0107584      0.0688347      0.00599822      0.0459124      0.00467965      0.0255703      0.00248169      5.84469      0.0085177      0.18437      0.00474297      0.122728      0.00370215      0.0696622      0.00197062      0.0035651      0.00264135      0.00239564      0.00206172      0.00127665      0.00110231      0.00160928      0.00160928      0.000858929      0.000858929      0.000454628      0.000454628
1145      0.931718      0.0116655      2.26359      0.0092658      0.0604226      0.00517632      0.0403299      0.00403634      0.0223932      0.00213414      5.2945      0.00734734      0.162881      0.00409861      0.108482      0.00319779      0.0613936      0.0016972      0.00307802      0.00228581      0.00207008      0.00178366      0.00110008      0.000951078      0.00139174      0.00139174      0.000740759      0.000740759      0.000391005      0.000391005
1164      0.832261      0.00998857      2.03586      0.00794815      0.0529132      0.00444994      0.0353438      0.00346785      0.0195595      0.0018274      4.79315      0.00631325      0.143623      0.00352873      0.0957094      0.00275174      0.0539911      0.00145568      0.00264743      0.00197112      0.00178209      0.00153753      0.000944063      0.000817361      0.00119919      0.00119919      0.000636277      0.000636277      0.000334813      0.000334813
1183      0.743278      0.00853644      1.83099      0.00680572      0.0463025      0.00381933      0.0309518      0.0029744      0.0170693      0.00156174      4.3397      0.00541567      0.126582      0.0030335      0.0844023      0.00236417      0.0474528      0.00124628      0.00227351      0.00169742      0.00153181      0.00132347      0.000808755      0.000701287      0.00103172      0.00103172      0.000545593      0.000545593      0.000286138      0.000286138
1202      0.665881      0.00734641      1.65116      0.00586742      0.0407161      0.00330036      0.0272382      0.00256854      0.0149744      0.00134439      3.93825      0.00467697      0.112047      0.00262526      0.074756      0.00204481      0.0419019      0.0010746      0.00196571      0.00147154      0.00132558      0.00114684      0.000697802      0.000605958      0.000893587      0.000893587      0.000471152      0.000471152      0.000246375      0.000246375
1221      0.598488      0.00637561      1.4931      0.00510004      0.0359995      0.00287495      0.0241008      0.00223608      0.0132144      0.00116744      3.58223      0.00407141      0.0996512      0.00228995      0.0665273      0.00178265      0.0371917      0.000934525      0.00171334      0.00128577      0.00115628      0.00100163      0.000607243      0.000528011      0.000780069      0.000780069      0.000410323      0.000410323      0.000214068      0.000214068
1240      0.536964      0.0055054      1.3483      0.00441162      0.031732      0.00249288      0.0212605      0.00193753      0.0116226      0.00100865      3.25496      0.00352776      0.0884011      0.00198861      0.0590553      0.00154707      0.0329188      0.000808732      0.00148659      0.00111866      0.0010041      0.000871016      0.00052589      0.000457942      0.000677964      0.000677964      0.000355646      0.000355646      0.000185046      0.000185046
1259      0.481102      0.00473291      1.21629      0.00379994      0.0278997      0.00215294      0.0187083      0.00167196      0.0101942      0.000867573      2.95535      0.00304426      0.0782603      0.00172028      0.0523167      0.00133733      0.0290706      0.000696866      0.00128479      0.00096972      0.000868561      0.000754603      0.000453515      0.000395556      0.000586972      0.000586972      0.000306973      0.000306973      0.000159237      0.000159237
1278      0.430817      0.00405804      1.09683      0.00326488      0.0244995      0.00185511      0.0164424      0.00143936      0.00892864      0.000744249      2.68288      0.00262081      0.0692188      0.00148493      0.0463055      0.00115343      0.0256449      0.000598966      0.00110791      0.000838929      0.000749678      0.000652395      0.000390148      0.000340879      0.000507103      0.000507103      0.000264326      0.000264326      0.000136664      0.000136664
1297      0.386415      0.00348996      0.990542      0.00281357      0.0215645      0.00160329      0.014485      0.00124284      0.00783966      0.00064046      2.43867      0.00226296      0.0613543      0.00128561      0.041074      0.000997772      0.0226748      0.000516419      0.000958285      0.000727976      0.000649019      0.000565728      0.000336689      0.000294678      0.000439412      0.000439412      0.000228313      0.000228313      0.000117671      0.000117671
1316      0.348427      0.00304298      0.898499      0.00245714      0.0191481      0.00140359      0.0128718      0.00108723      0.00694885      0.000558946      2.22481      0.00197936      0.0547942      0.00112708      0.0367076      0.000874135      0.0202132      0.000451367      0.00083956      0.00063949      0.000569027      0.000496677      0.000294528      0.000258136      0.00038554      0.00038554      0.000199867      0.000199867      0.000102782      0.000102782
1335      0.313716      0.00264316      0.814077      0.00213801      0.0169622      0.00122453      0.0114115      0.000947743      0.00614356      0.000485962      2.02791      0.00172519      0.0488385      0.000984817      0.0327414      0.000763206      0.0179801      0.000393069      0.000733061      0.000559991      0.000497229      0.00043465      0.000256726      0.000225344      0.000337156      0.000337156      0.000174347      0.000174347      8.94379e-05      8.94379e-05
1354      0.281982      0.00228463      0.736609      0.00185158      0.014982      0.00106359      0.010088      0.000822409      0.00541444      0.00042044      1.84658      0.00149687      0.0434256      0.000856847      0.0291348      0.000663449      0.0159517      0.000340688      0.000637301      0.000488403      0.000432634      0.000378803      0.000222744      0.000195844      0.000293602      0.000293602      0.000151393      0.000151393      7.74456e-05      7.74456e-05
1373      0.253155      0.00196678      0.665922      0.00159736      0.0132039      0.000920522      0.00889869      0.00071103      0.00476032      0.000362296      1.68039      0.00129399      0.0385447      0.000742969      0.0258807      0.000574706      0.0141246      0.000294154      0.00055213      0.000424613      0.000375145      0.000329053      0.00019254      0.000169598      0.000254814      0.000254814      0.000130979      0.000130979      6.67932e-05      6.67932e-05
1392      0.227246      0.00169055      0.602019      0.00137608      0.0116307      0.000795716      0.00784566      0.000613931      0.0041826      0.000311725      1.52931      0.00111714      0.0342022      0.000643493      0.0229837      0.000497232      0.0125019      0.000253623      0.000477789      0.000368796      0.000324927      0.00028554      0.000166215      0.000146692      0.000220906      0.000220906      0.000113172      0.000113172      5.75218e-05      5.75218e-05
1411      0.204652      0.00146425      0.545748      0.00119425      0.0102973      0.000692756      0.00695214      0.000533941      0.00369501      0.000270291      1.39506      0.000971405      0.0304841      0.000561225      0.0205012      0.000433241      0.0111186      0.000220324      0.000416408      0.000322499      0.000283414      0.000249485      0.000144564      0.000127806      0.000192841      0.000192841      9.85086e-05      9.85086e-05      4.99261e-05      4.99261e-05
1430      0.185039      0.00128196      0.496364      0.00104724      0.00917738      0.000609101      0.00620079      0.000469067      0.00328766      0.000236926      1.27604      0.000853152      0.0273239      0.000494173      0.0183893      0.000381171      0.00994896      0.000193416      0.000366483      0.000284629      0.000249599      0.000220032      0.000127044      0.000112478      0.000169947      0.000169947      8.66266e-05      8.66266e-05      4.38119e-05      4.38119e-05
1449      0.166969      0.00111659      0.450724      0.000913772      0.00815302      0.000533054      0.00551316      0.000410109      0.00291514      0.000206619      1.1657      0.000745715      0.0244253      0.000433178      0.0164512      0.000333816      0.00887645      0.000168957      0.000321076      0.00025014      0.000218831      0.000193214      0.000111112      9.85277e-05      0.000149106      0.000149106      7.58156e-05      7.58156e-05      3.82516e-05      3.82516e-05
1468      0.150394      0.000967693      0.408704      0.000793488      0.00722146      0.000464416      0.00488744      0.000356912      0.00257654      0.000179297      1.06375      0.000648808      0.0217806      0.00037808      0.0146818      0.000291053      0.00789843      0.000146889      0.000280071      0.000218945      0.00019103      0.000168963      9.67277e-05      8.59234e-05      0.000130265      0.000130265      6.60504e-05      6.60504e-05      3.32331e-05      3.32331e-05
1487      0.135283      0.00083508      0.370229      0.000686243      0.00638131      0.000403103      0.00432276      0.000309416      0.00227143      0.000154936      0.969999      0.00056231      0.0193858      0.000328813      0.0130786      0.000252833      0.00701363      0.000127192      0.000243421      0.000191008      0.000166167      0.000147252      8.38796e-05      7.46537e-05      0.000113405      0.000113405      5.73229e-05      5.73229e-05      2.87534e-05      2.87534e-05
1506      0.121643      0.000719111      0.335304      0.000592315      0.00563386      0.000349272      0.00381999      0.000267747      0.00200041      0.000133609      0.884434      0.000486441      0.0172435      0.000285499      0.0116435      0.000219254      0.00622345      0.000109923      0.000211217      0.000166395      0.000144306      0.000128136      7.26055e-05      6.47511e-05      9.85698e-05      9.85698e-05      4.96593e-05      4.96593e-05      2.48276e-05      2.48276e-05
1525      0.109619      0.000622204      0.304243      0.000513613      0.00499044      0.000303983      0.00338672      0.00023274      0.00176789      0.00011577      0.807712      0.000422704      0.0153828      0.000248971      0.0103958      0.000190975      0.00553945      9.54436e-05      0.000184092      0.000145571      0.000125872      0.000111981      6.31389e-05      5.64166e-05      8.60472e-05      8.60472e-05      4.32176e-05      4.32176e-05      2.15414e-05      2.15414e-05
1544      0.0993563      0.000546766      0.277371      0.000452041      0.0044625      0.000268297      0.00303063      0.000205232      0.00157834      0.000101875      0.740506      0.000372604      0.0138331      0.000220067      0.00935527      0.000168655      0.00497336      8.41121e-05      0.000162677      0.000128999      0.000111294      9.91533e-05      5.57132e-05      4.98515e-05      7.61265e-05      7.61265e-05      3.81561e-05      3.81561e-05      1.89806e-05      1.89806e-05
1563      0.0899034      0.000478583      0.25253      0.00039634      0.0039803      0.000235957      0.00270519      0.000180314      0.00140531      8.93002e-05      0.678164      0.000327239      0.0124129      0.00019385      0.00840113      0.000148418      0.00445487      7.3849e-05      0.000143257      0.000113945      9.80673e-05      8.75045e-05      4.89826e-05      4.38956e-05      6.71212e-05      6.71212e-05      3.35662e-05      3.35662e-05      1.66605e-05      1.66605e-05
1582      0.0811856      0.000416712      0.229545      0.000345757      0.00353887      0.000206544      0.00240711      0.000157659      0.00124696      7.78754e-05      0.620289      0.000286011      0.0111089      0.000169989      0.00752458      0.000130007      0.00397898      6.45176e-05      0.000125584      0.000100226      8.60254e-05      7.6891e-05      4.28587e-05      3.84727e-05      5.89188e-05      5.89188e-05      2.93883e-05      2.93883e-05      1.455e-05      1.455e-05
1601      0.0731863      0.000361052      0.208372      0.00030021      0.00313742      0.000180011      0.00213588      0.000137232      0.00110305      6.75843e-05      0.56677      0.000248853      0.00991872      0.000148446      0.0067241      0.000113391      0.00354496      5.61048e-05      0.00010963      8.78185e-05      7.51497e-05      6.72966e-05      3.73333e-05      3.35752e-05      5.1507e-05      5.1507e-05      2.56168e-05      2.56168e-05      1.26466e-05      1.26466e-05
1620      0.0659      0.000311627      0.188992      0.000259715      0.00277591      0.000156369      0.00189146      0.000119042      0.000973595      5.84342e-05      0.517556      0.000215777      0.00884207      0.000129227      0.00599949      9.8577e-05      0.00315278      4.8616e-05      9.54015e-05      7.67276e-05      6.54448e-05      5.8725e-05      3.24099e-05      2.92064e-05      4.48893e-05      4.48893e-05      2.22544e-05      2.22544e-05      1.09521e-05      1.09521e-05
1639      0.0593459      0.000268745      0.171447      0.000224517      0.00245588      0.000135754      0.00167489      0.000103198      0.000859213      5.04843e-05      0.472726      0.000186976      0.00788288      0.000112441      0.0053534      8.56515e-05      0.00280406      4.20985e-05      8.29807e-05      6.7014e-05      5.69666e-05      5.12245e-05      2.81194e-05      2.5393e-05      3.91039e-05      3.91039e-05      1.93223e-05      1.93223e-05      9.47801e-06      9.47801e-06
1658      0.0536641      0.000234123      0.156061      0.00019599      0.00218674      0.000118942      0.00149251      9.0306e-05      0.000763469      4.40552e-05      0.432997      0.000163547      0.00706644      9.87049e-05      0.00480274      7.50972e-05      0.0025086      3.68089e-05      7.28291e-05      5.90234e-05      5.00287e-05      4.50663e-05      2.46288e-05      2.22801e-05      3.43634e-05      3.43634e-05      1.69338e-05      1.69338e-05      8.28422e-06      8.28422e-06
1677      0.0487379      0.000206447      0.142558      0.000173081      0.00196107      0.000105339      0.00133935      7.99044e-05      0.000683622      3.89066e-05      0.397738      0.000144647      0.00637255      8.75456e-05      0.00433409      6.65459e-05      0.00225877      3.25544e-05      6.45942e-05      5.24915e-05      4.43927e-05      4.00441e-05      2.18131e-05      1.97591e-05      3.05069e-05      3.05069e-05      1.50045e-05      1.50045e-05      7.32676e-06      7.32676e-06
1696      0.0441649      0.000181086      0.129987      0.000152076      0.00175279      9.28507e-05      0.00119792      7.03575e-05      0.00060994      3.4183e-05      0.364821      0.000127308      0.00573052      7.72943e-05      0.00390025      5.86925e-05      0.00202767      2.86489e-05      5.7029e-05      4.64833e-05      3.92132e-05      3.54257e-05      1.92265e-05      1.74418e-05      2.69614e-05      2.69614e-05      1.32315e-05      1.32315e-05      6.44725e-06      6.44725e-06
1715      0.0399352      0.000157988      0.118322      0.000132931      0.00156146      8.14504e-05      0.00106794      6.16456e-05      0.00054228      2.98752e-05      0.334178      0.000111494      0.00513902      6.79296e-05      0.00350036      5.1521e-05      0.00181484      2.50848e-05      5.01178e-05      4.09867e-05      3.44798e-05      3.1202e-05      1.68641e-05      1.53239e-05      2.37201e-05      2.37201e-05      1.16117e-05      1.16117e-05      5.64416e-06      5.64416e-06
1734      0.0360424      0.000137121      0.107544      0.000115621      0.00138681      7.11238e-05      0.000949234      5.3758e-05      0.000480559      2.59785e-05      0.30576      9.7182e-05      0.00459721      5.94396e-05      0.00313386      4.50224e-05      0.00162002      2.18581e-05      4.38522e-05      3.59949e-05      3.01867e-05      2.73679e-05      1.47234e-05      1.34031e-05      2.07791e-05      2.07791e-05      1.01433e-05      1.01433e-05      4.91679e-06      4.91679e-06
1753      0.0324843      0.000118497      0.0976475      0.000100153      0.00122885      6.18753e-05      0.000841795      4.66987e-05      0.000424788      2.24957e-05      0.279544      8.43789e-05      0.00410497      5.18273e-05      0.00280067      3.91997e-05      0.0014432      1.89709e-05      3.82348e-05      3.15095e-05      2.6336e-05      2.3925e-05      1.28059e-05      1.16807e-05      1.81399e-05      1.81399e-05      8.82741e-06      8.82741e-06      4.26579e-06      4.26579e-06
1772      0.0292686      0.000102207      0.0886475      8.66025e-05      0.00108809      5.37473e-05      0.000745987      4.05009e-05      0.000375178      1.94446e-05      0.255564      7.31438e-05      0.00366372      4.51267e-05      0.00250177      3.40793e-05      0.00128498      1.64377e-05      3.32911e-05      2.75501e-05      2.29451e-05      2.08886e-05      1.1121e-05      1.01649e-05      1.58144e-05      1.58144e-05      7.67046e-06      7.67046e-06      3.69465e-06      3.69465e-06
1791      0.0264371      8.86508e-05      0.0806459      7.5291e-05      0.000967056      4.69258e-05      0.000663511      3.53094e-05      0.000332668      1.69003e-05      0.234052      6.37374e-05      0.00328051      3.94871e-05      0.00224189      2.97779e-05      0.00114803      1.4319e-05      2.91322e-05      2.42014e-05      2.009e-05      1.8325e-05      9.70832e-06      8.89074e-06      1.38546e-05      1.38546e-05      6.69968e-06      6.69968e-06      3.21746e-06      3.21746e-06
1810      0.02405      7.8373e-05      0.0737885      6.66623e-05      0.000869273      4.16664e-05      0.000596747      3.13226e-05      0.00029857      1.4965e-05      0.215342      5.65185e-05      0.00296525      3.51145e-05      0.00202768      2.64556e-05      0.00103612      1.26981e-05      2.59112e-05      2.1581e-05      1.78752e-05      1.63259e-05      8.6225e-06      7.90617e-06      1.23318e-05      1.23318e-05      5.95233e-06      5.95233e-06      2.85348e-06      2.85348e-06
1829      0.0218457      6.90832e-05      0.0674311      5.88543e-05      0.000779775      3.68965e-05      0.000535607      2.77092e-05      0.000267387      1.32134e-05      0.197929      4.99789e-05      0.00267555      3.11445e-05      0.00183073      2.34412e-05      0.000933377      1.12294e-05      2.29867e-05      1.91968e-05      1.58635e-05      1.45081e-05      7.63747e-06      7.01207e-06      1.0948e-05      1.0948e-05      5.2741e-06      5.2741e-06      2.52358e-06      2.52358e-06
1848      0.019797      6.05616e-05      0.0615052      5.16875e-05      0.000697071      3.25123e-05      0.000479087      2.43891e-05      0.00023858      1.16046e-05      0.181651      4.39724e-05      0.00240715      2.74932e-05      0.00164819      2.06697e-05      0.000838213      9.87966e-06      2.02966e-05      1.70011e-05      1.40125e-05      1.28346e-05      6.73155e-06      6.18931e-06      9.67444e-06      9.67444e-06      4.65017e-06      4.65017e-06      2.22022e-06      2.22022e-06
1867      0.0179007      5.27955e-05      0.0560012      4.51511e-05      0.000621035      2.85075e-05      0.0004271      2.13576e-05      0.000212108      1.01366e-05      0.166481      3.84902e-05      0.00215963      2.41553e-05      0.00147976      1.81371e-05      0.000750495      8.64707e-06      1.78371e-05      1.49907e-05      1.23197e-05      1.1303e-05      5.90357e-06      5.43681e-06      8.50932e-06      8.50932e-06      4.07975e-06      4.07975e-06      1.94306e-06      1.94306e-06
1886      0.0161549      4.57814e-05      0.0509134      3.9242e-05      0.00055161      2.488e-05      0.000379612      1.86133e-05      0.000187955      8.80889e-06      0.152403      3.35291e-05      0.00193279      2.11289e-05      0.00132533      1.58421e-05      0.000670166      7.53123e-06      1.5607e-05      1.31646e-05      1.07842e-05      9.91244e-06      5.15327e-06      4.75433e-06      7.45213e-06      7.45213e-06      3.56268e-06      3.56268e-06      1.69205e-06      1.69205e-06
1905      0.0145601      3.95306e-05      0.0462423      3.39692e-05      0.000488859      2.16353e-05      0.000336664      1.61603e-05      0.000166149      7.62385e-06      0.139415      2.90965e-05      0.00172678      1.84183e-05      0.00118499      1.37882e-05      0.000597299      6.53404e-06      1.36095e-05      1.15252e-05      9.40827e-06      8.66503e-06      4.4819e-06      4.14299e-06      6.50445e-06      6.50445e-06      3.09985e-06      3.09985e-06      1.46768e-06      1.46768e-06
1924      0.0131218      3.40866e-05      0.0420012      2.93685e-05      0.000433092      1.87944e-05      0.000298468      1.40151e-05      0.000146807      6.58988e-06      0.127547      2.52217e-05      0.00154249      1.60407e-05      0.00105934      1.19887e-05      0.000532237      5.66239e-06      1.18571e-05      1.00824e-05      8.20071e-06      7.56845e-06      3.89403e-06      3.60684e-06      5.67229e-06      5.67229e-06      2.69439e-06      2.69439e-06      1.27157e-06      1.27157e-06
1943      0.0118659      2.96269e-05      0.0382563      2.55862e-05      0.000385648      1.64436e-05      0.000265936      1.22442e-05      0.000130419      5.74054e-06      0.116959      2.2025e-05      0.00138388      1.40666e-05      0.000951073      1.0498e-05      0.000476457      4.94393e-06      1.04022e-05      8.87731e-06      7.19728e-06      6.65448e-06      3.4079e-06      3.16217e-06      4.98024e-06      4.98024e-06      2.35886e-06      2.35886e-06      1.11007e-06      1.11007e-06
1962      0.0108115      2.62792e-05      0.0350563      2.27282e-05      0.000347511      1.46457e-05      0.000239735      1.08957e-05      0.000117345      5.10014e-06      0.107767      1.95935e-05      0.00125384      1.25472e-05      0.000862138      9.35563e-06      0.000431046      4.39875e-06      9.28247e-06      7.93966e-06      6.424e-06      5.94625e-06      3.0368e-06      2.82086e-06      4.44619e-06      4.44619e-06      2.10241e-06      2.10241e-06      9.87798e-07      9.87798e-07
1981      0.00983257      2.32252e-05      0.0320747      2.01182e-05      0.000312353      1.30007e-05      0.000215573      9.66267e-06      0.0001053      4.51513e-06      0.0991734      1.73707e-05      0.00113356      1.11557e-05      0.000779835      8.31003e-06      0.000389068      3.90021e-06      8.25683e-06      7.0794e-06      5.71552e-06      5.29682e-06      2.6971e-06      2.50819e-06      3.95675e-06      3.95675e-06      1.8676e-06      1.8676e-06      8.75955e-07      8.75955e-07
2000      0.0089199      2.04116e-05      0.0292872      1.7712e-05      0.000279743      1.14825e-05      0.000193154      8.52496e-06      9.41308e-05      3.97554e-06      0.0911167      1.53201e-05      0.00102171      9.87055e-06      0.000703279      7.3446e-06      0.000350045      3.44006e-06      7.30941e-06      6.28391e-06      5.06092e-06      4.69647e-06      2.38337e-06      2.21927e-06      3.50445e-06      3.50445e-06      1.65069e-06      1.65069e-06      7.72675e-07      7.72675e-07
