m_sq,dd,du,ds,dc,db,uu,us,uc,ub,ss,sc,sb,cc,cb,bb
100      54.083      72.5674      23.7572      17.3289      11.4894      96.2052      33.9279      25.1215      17.0075      8.39788      5.92897      3.71933      4.17815      2.60847      1.61192
138      16.9264      23.7495      6.53401      4.72026      3.11823      32.9702      9.74657      7.12994      4.80717      2.04221      1.43927      0.901448      1.01358      0.632509      0.390975
157      10.516      15.0587      3.82178      2.74851      1.81017      21.3457      5.81237      4.2277      2.84118      1.13102      0.796514      0.49779      0.560766      0.349329      0.21561
176      6.85797      10.0116      2.35229      1.68451      1.10567      14.4723      3.64306      2.6354      1.76477      0.661517      0.465587      0.290214      0.327716      0.203695      0.125467
195      4.64865      6.91159      1.50837      1.07583      0.703637      10.1775      2.37642      1.7102      1.14096      0.404348      0.284451      0.176801      0.200197      0.12412      0.0762716
214      3.25193      4.91982      1.0003      0.71075      0.46316      7.37224      1.60177      1.14703      0.762336      0.256295      0.180233      0.111684      0.126845      0.0784283      0.0480683
233      2.33502      3.59175      0.682228      0.48301      0.313584      5.47206      1.10947      0.790772      0.523542      0.167456      0.117729      0.0727232      0.0828616      0.0510858      0.0312233
252      1.71404      2.6787      0.476541      0.336247      0.217485      4.14573      0.786506      0.558088      0.368072      0.112289      0.0789304      0.0486      0.0555626      0.0341537      0.0208141
271      1.28213      2.03437      0.339768      0.238974      0.153989      3.19605      0.568768      0.40188      0.264034      0.0769974      0.0541185      0.0332136      0.0381051      0.0233513      0.0141884
290      0.974745      1.56934      0.246596      0.172918      0.111008      2.50102      0.418463      0.294491      0.192743      0.0538324      0.0378362      0.0231442      0.0266484      0.0162799      0.00986158
309      0.751633      1.22721      0.181797      0.127115      0.0813006      1.98273      0.31258      0.219138      0.142885      0.0382873      0.0269117      0.0164073      0.0189609      0.0115473      0.00697326
328      0.586867      0.971212      0.135896      0.0947641      0.0603866      1.58987      0.236644      0.165304      0.107382      0.0276492      0.0194366      0.0118108      0.0136999      0.00831721      0.00500706
347      0.463314      0.776792      0.102848      0.0715356      0.0454181      1.28775      0.181311      0.126218      0.0816904      0.0202404      0.0142308      0.00861897      0.0100352      0.00607323      0.00364474
366      0.369388      0.627158      0.0787005      0.0546076      0.0345447      1.0524      0.140406      0.097425      0.0628257      0.0149981      0.0105473      0.00636695      0.00744141      0.00448927      0.0026857
385      0.297108      0.510623      0.0608241      0.0421075      0.026541      0.866946      0.109779      0.0759397      0.0487941      0.0112361      0.00790376      0.00475546      0.00557933      0.00335527      0.00200095
404      0.240888      0.418916      0.0474371      0.0327692      0.0205811      0.719343      0.0865895      0.0597241      0.0382381      0.00850286      0.00598298      0.00358798      0.00422586      0.0025333      0.001506
423      0.196722      0.34605      0.037303      0.0257164      0.0160942      0.600766      0.0688442      0.0473544      0.0302114      0.00649369      0.00457082      0.00273217      0.00323038      0.00193044      0.00114399
442      0.161707      0.28764      0.0295541      0.0203354      0.0126817      0.504696      0.0551324      0.0378245      0.024047      0.00500057      0.00352117      0.00209789      0.00249012      0.00148337      0.000876279
461      0.133723      0.240455      0.0235771      0.0161936      0.0100633      0.426279      0.0444468      0.0304191      0.0192718      0.00388048      0.00273357      0.00162336      0.00193439      0.00114869      0.000676427
480      0.111192      0.202063      0.0189292      0.0129792      0.00803768      0.361826      0.0360532      0.0246179      0.0155427      0.00303275      0.00213733      0.00126517      0.00151347      0.000895907      0.000525906
499      0.0929262      0.170617      0.0152872      0.0104654      0.00645847      0.308514      0.0294112      0.0200393      0.0126086      0.00238586      0.00168221      0.000992565      0.00119201      0.000703396      0.000411597
518      0.0780235      0.144702      0.0124134      0.00848538      0.00521848      0.264156      0.024119      0.0164002      0.0102839      0.00188842      0.00133213      0.000783483      0.000944594      0.000555649      0.000324118
537      0.0657924      0.123224      0.0101305      0.00691527      0.00423828      0.227047      0.0198752      0.013489      0.00842984      0.00150312      0.00106087      0.00062195      0.000752775      0.000441425      0.000256679
556      0.0556979      0.105327      0.0083057      0.00566228      0.00345848      0.195843      0.0164514      0.0111455      0.00694189      0.00120262      0.000849235      0.000496288      0.000603027      0.000352505      0.000204329
575      0.0473309      0.0903521      0.00684044      0.00465777      0.00283529      0.169498      0.0136766      0.00925036      0.00574237      0.000967145      0.000683327      0.000398069      0.000485564      0.000282957      0.000163502
594      0.0403593      0.0777591      0.00565663      0.0038474      0.00233409      0.147149      0.0114146      0.00770857      0.00476942      0.000781338      0.000552357      0.000320758      0.000392778      0.000228174      0.000131435
613      0.0345237      0.0671226      0.00469519      0.00319016      0.00192884      0.12811      0.00956117      0.00644769      0.00397612      0.000633873      0.000448366      0.000259549      0.000319057      0.00018477      0.000106099
632      0.0296235      0.0581108      0.00391181      0.00265537      0.00160012      0.111843      0.0080376      0.00541314      0.0033272      0.00051645      0.000365522      0.00021093      0.00026029      0.00015027      8.602e-05
651      0.0254883      0.0504397      0.00326964      0.00221751      0.0013318      0.0978818      0.00677795      0.00455924      0.00279317      0.000422294      0.00029906      0.000172036      0.000213112      0.00012265      6.99904e-05
670      0.0219903      0.0438941      0.00274201      0.00185819      0.00111228      0.0858716      0.00573403      0.00385276      0.00235268      0.000346628      0.000245623      0.000140857      0.000175154      0.000100493      5.71686e-05
689      0.0190187      0.0382864      0.00230621      0.00156173      0.000931727      0.0755003      0.00486458      0.00326523      0.00198745      0.000285452      0.000202397      0.000115707      0.000144429      8.2609e-05      4.68486e-05
708      0.0164865      0.0334683      0.00194506      0.0013163      0.000782704      0.0665195      0.00413804      0.00277498      0.00168359      0.000235812      0.000167303      9.53474e-05      0.000119468      6.81203e-05      3.85119e-05
727      0.0143246      0.0293203      0.00164518      0.00111271      0.000659471      0.0587272      0.0035297      0.00236506      0.00143028      0.000195453      0.000138755      7.88347e-05      9.91491e-05      5.6361e-05      3.17658e-05
746      0.0124711      0.0257354      0.00139487      0.000942921      0.000557009      0.0519418      0.00301782      0.00202056      0.00121803      0.000162439      0.00011539      6.53577e-05      8.25077e-05      4.6757e-05      2.62716e-05
765      0.0108784      0.0226304      0.00118541      0.000800961      0.000471599      0.0460206      0.00258603      0.00173029      0.00103971      0.000135361      9.62145e-05      5.4329e-05      6.88414e-05      3.88923e-05      2.17852e-05
784      0.00950716      0.0199357      0.00100976      0.000682009      0.000400252      0.0408436      0.00222102      0.00148519      0.000889594      0.000113101      8.04423e-05      4.5284e-05      5.7593e-05      3.24377e-05      1.8114e-05
803      0.00832381      0.017592      0.00086208      0.00058207      0.000340492      0.0363077      0.00191168      0.00127768      0.000762876      9.47501e-05      6.74318e-05      3.78443e-05      4.83082e-05      2.71253e-05      1.51011e-05
822      0.0072996      0.0155478      0.000737455      0.000497785      0.000290245      0.0323232      0.00164859      0.00110136      0.000655516      7.95553e-05      5.66527e-05      3.16981e-05      4.06107e-05      2.27335e-05      1.26174e-05
841      0.00641139      0.0137616      0.000632051      0.00042654      0.0002479      0.0288166      0.00142434      0.000951191      0.000564351      6.69433e-05      4.77006e-05      2.66082e-05      3.42138e-05      1.90941e-05      1.05652e-05
860      0.00563965      0.0121979      0.000542707      0.000366183      0.000212134      0.0257251      0.00123279      0.000823019      0.000486767      5.64498e-05      4.02478e-05      2.23828e-05      2.88848e-05      1.60709e-05      8.86529e-06
879      0.00496785      0.0108265      0.000466814      0.000314936      0.000181859      0.0229948      0.00106882      0.000713381      0.000420597      4.76981e-05      3.40283e-05      1.88667e-05      2.44349e-05      1.35537e-05      7.45397e-06
898      0.004382      0.00962166      0.00040221      0.000271331      0.000156177      0.0205796      0.000928174      0.000619399      0.000364043      4.03819e-05      2.88258e-05      1.59341e-05      2.07104e-05      1.14529e-05      6.2795e-06
917      0.00387023      0.00856142      0.000347105      0.00023415      0.000134345      0.0184396      0.000807297      0.00053867      0.000315607      3.42518e-05      2.44641e-05      1.34824e-05      1.75859e-05      9.69558e-06      5.29991e-06
936      0.00342242      0.00762694      0.000300009      0.000202384      0.000115749      0.0165406      0.000703208      0.000469187      0.000274041      2.91041e-05      2.07993e-05      1.14283e-05      1.4959e-05      8.22238e-06      4.48106e-06
955      0.00302996      0.00680202      0.000259684      0.00017519      9.98782e-05      0.0148529      0.000613412      0.000409272      0.000238303      2.47722e-05      1.77134e-05      9.70369e-06      1.27459e-05      6.98477e-06      3.79514e-06
974      0.00268549      0.00607279      0.000225093      0.000151869      8.63086e-05      0.013351      0.000535811      0.000357512      0.000207521      2.11195e-05      1.51098e-05      8.25275e-06      1.08775e-05      5.943e-06      3.21942e-06
993      0.00238271      0.00542723      0.000195371      0.000131834      7.46861e-05      0.0120127      0.000468637      0.000312721      0.000180961      1.80336e-05      1.29089e-05      7.02973e-06      9.29732e-06      5.0644e-06      2.73528e-06
1012      0.00211621      0.00485501      0.000169792      0.000114593      6.47147e-05      0.0108185      0.000410396      0.000273895      0.000158006      1.54217e-05      1.1045e-05      5.99691e-06      7.95831e-06      4.32206e-06      2.32739e-06
1031      0.00188134      0.00434715      0.000147742      9.97325e-05      5.61457e-05      0.00975173      0.000359823      0.000240187      0.000138136      1.3207e-05      9.46366e-06      5.12315e-06      6.82169e-06      3.69372e-06      1.98313e-06
1050      0.00167407      0.00389585      0.000128705      8.6903e-05      4.87703e-05      0.0087976      0.000315841      0.000210877      0.000120907      1.13258e-05      8.11966e-06      4.38264e-06      5.85518e-06      3.16095e-06      1.69207e-06
1069      0.00149094      0.00349434      0.000112246      7.58099e-05      4.24122e-05      0.00794323      0.000277534      0.00018535      0.000105947      9.72516e-06      6.97542e-06      3.75397e-06      5.03193e-06      2.70844e-06      1.44556e-06
1088      0.00132893      0.00313668      9.79927e-05      6.62034e-05      3.69225e-05      0.00717731      0.000244122      0.000163086      9.29359e-05      8.3608e-06      5.99959e-06      3.21934e-06      4.3295e-06      2.32344e-06      1.23642e-06
1107      0.00118543      0.00281773      8.5632e-05      5.78715e-05      3.21755e-05      0.00648993      0.000214936      0.000143638      8.16037e-05      7.19591e-06      5.16597e-06      2.7639e-06      3.72916e-06      1.99533e-06      1.05869e-06
1126      0.00105819      0.00253298      7.48976e-05      5.0635e-05      2.80647e-05      0.00587237      0.000189409      0.000126626      7.17197e-05      6.19974e-06      4.45272e-06      2.37532e-06      3.21529e-06      1.71527e-06      9.0741e-07
1145      0.000945388      0.0022788      6.55816e-05      4.43537e-05      2.45075e-05      0.00531754      0.00016709      0.000111751      6.31032e-05      5.34868e-06      3.84305e-06      2.04413e-06      2.77585e-06      1.47648e-06      7.78809e-07
1164      0.000845237      0.00205158      5.74803e-05      3.88904e-05      2.14229e-05      0.00481843      0.000147541      9.87196e-05      5.55769e-05      4.61983e-06      3.32066e-06      1.76117e-06      2.39917e-06      1.27239e-06      6.69209e-07
1183      0.000756191      0.00184819      5.04221e-05      3.41295e-05      1.87428e-05      0.00436887      0.000130387      8.7283e-05      4.89907e-05      3.99424e-06      2.87206e-06      1.51885e-06      2.07558e-06      1.09756e-06      5.75585e-07
1202      0.00067692      0.00166592      4.42629e-05      2.99738e-05      1.64103e-05      0.00396348      0.000115312      7.72297e-05      4.32176e-05      3.45625e-06      2.4861e-06      1.31095e-06      1.79707e-06      9.47504e-07      4.95453e-07
1221      0.000606264      0.00150239      3.88797e-05      2.63407e-05      1.43771e-05      0.00359753      0.000102044      6.83789e-05      3.81494e-05      2.99277e-06      2.15344e-06      1.13225e-06      1.55694e-06      8.18484e-07      4.26743e-07
1240      0.000543375      0.00135583      3.41856e-05      2.31716e-05      1.2609e-05      0.00326748      9.03881e-05      6.06016e-05      3.37094e-05      2.59466e-06      1.86758e-06      9.79133e-07      1.35051e-06      7.07907e-07      3.68031e-07
1259      0.000487313      0.0012243      3.00833e-05      2.04013e-05      1.1068e-05      0.0029694      8.01287e-05      5.37536e-05      2.98114e-05      2.2518e-06      1.62127e-06      8.47583e-07      1.1726e-06      6.12878e-07      3.17718e-07
1278      0.000437238      0.00110604      2.64887e-05      1.79728e-05      9.72113e-06      0.00269977      7.10757e-05      4.77086e-05      2.63803e-05      1.95553e-06      1.40835e-06      7.34175e-07      1.01876e-06      5.30932e-07      2.74452e-07
1297      0.000392445      0.000999575      2.33329e-05      1.58399e-05      8.54154e-06      0.00245556      6.30728e-05      4.23626e-05      2.33543e-05      1.69894e-06      1.22388e-06      6.36181e-07      8.85435e-07      4.60109e-07      2.37158e-07
1316      0.00035248      0.000903927      2.05731e-05      1.39739e-05      7.5128e-06      0.00223477      5.60222e-05      3.76506e-05      2.06954e-05      1.47784e-06      1.06486e-06      5.51959e-07      7.70475e-07      3.99225e-07      2.05195e-07
1335      0.000316748      0.00081784      1.81524e-05      1.23366e-05      6.61277e-06      0.00203481      4.97937e-05      3.34861e-05      1.83522e-05      1.2866e-06      9.27268e-07      4.79289e-07      6.70982e-07      3.46682e-07      1.77688e-07
1354      0.000284721      0.000740184      1.60219e-05      1.08948e-05      5.82248e-06      0.00185336      4.4274e-05      2.97938e-05      1.62805e-05      1.12049e-06      8.07714e-07      4.16314e-07      5.84514e-07      3.01141e-07      1.5391e-07
1373      0.00025603      0.000670157      1.41485e-05      9.62637e-06      5.12926e-06      0.00168874      3.93861e-05      2.65224e-05      1.44501e-05      9.764e-07      7.0397e-07      3.61818e-07      5.09466e-07      2.61725e-07      1.33387e-07
1392      0.000230378      0.000607115      1.25059e-05      8.5137e-06      4.52305e-06      0.00153959      3.50684e-05      2.3631e-05      1.28374e-05      8.51854e-07      6.14272e-07      3.1484e-07      4.44567e-07      2.27743e-07      1.15746e-07
1411      0.000207346      0.000550149      1.10569e-05      7.53171e-06      3.98953e-06      0.00140401      3.12337e-05      2.10616e-05      1.14081e-05      7.43392e-07      5.36135e-07      2.74024e-07      3.88024e-07      1.98214e-07      1.00457e-07
1430      0.000186661      0.000498658      9.77872e-06      6.66498e-06      3.51997e-06      0.00128073      2.78273e-05      1.87779e-05      1.01414e-05      6.48944e-07      4.68076e-07      2.38567e-07      3.38765e-07      1.72559e-07      8.72102e-08
1449      0.000168149      0.000452257      8.6568e-06      5.90381e-06      3.1089e-06      0.00116891      2.48148e-05      1.6757e-05      9.02382e-06      5.67213e-07      4.09165e-07      2.07969e-07      2.96123e-07      1.50418e-07      7.58122e-08
1468      0.000151495      0.000410245      7.66456e-06      5.23026e-06      2.74615e-06      0.00106708      2.21325e-05      1.49564e-05      8.03084e-06      4.95818e-07      3.57692e-07      1.81302e-07      2.58861e-07      1.31121e-07      6.59033e-08
1487      0.000136524      0.000372235      6.78834e-06      4.63513e-06      2.42655e-06      0.00097439      1.97471e-05      1.33542e-05      7.14971e-06      4.33578e-07      3.1281e-07      1.58114e-07      2.26367e-07      1.1434e-07      5.73099e-08
1506      0.000123104      0.000337925      6.01754e-06      4.11129e-06      2.14611e-06      0.000890184      1.76328e-05      1.19331e-05      6.37062e-06      3.79575e-07      2.7386e-07      1.3805e-07      1.98166e-07      9.98193e-08      4.98963e-08
1525      0.000110998      0.000306785      5.33346e-06      3.64613e-06      1.89774e-06      0.000813318      1.57442e-05      1.06628e-05      5.67599e-06      3.32206e-07      2.39689e-07      1.2049e-07      1.73423e-07      8.71111e-08      4.34238e-08
1544      0.000100134      0.000278644      4.73084e-06      3.23611e-06      1.67949e-06      0.000743412      1.40678e-05      9.53458e-06      5.06091e-06      2.91042e-07      2.09989e-07      1.05273e-07      1.51917e-07      7.60987e-08      3.78317e-08
1563      9.03585e-05      0.000253156      4.19799e-06      2.87335e-06      1.48695e-06      0.000679709      1.25751e-05      8.52915e-06      4.51434e-06      2.551e-07      1.84053e-07      9.2021e-08      1.33137e-07      6.65083e-08      3.29748e-08
1582      8.15321e-05      0.00023      3.72458e-06      2.55086e-06      1.31624e-06      0.000621497      1.12399e-05      7.6293e-06      4.02645e-06      2.23537e-07      1.61274e-07      8.04109e-08      1.16642e-07      5.81065e-08      2.87304e-08
1601      7.36178e-05      0.000209087      3.30809e-06      2.26696e-06      1.16645e-06      0.000568576      1.00561e-05      6.8308e-06      3.5949e-06      1.96153e-07      1.4151e-07      7.03683e-08      1.02331e-07      5.08397e-08      2.50708e-08
1620      6.64594e-05      0.000190057      2.93714e-06      2.01396e-06      1.03329e-06      0.000520146      8.99492e-06      6.11453e-06      3.20875e-06      1.72031e-07      1.24099e-07      6.15421e-08      8.97242e-08      4.44534e-08      2.18621e-08
1639      6.00267e-05      0.000172836      2.60983e-06      1.79059e-06      9.16094e-07      0.000476035      8.0514e-06      5.4772e-06      2.86621e-06      1.51031e-07      1.08939e-07      5.38806e-08      7.87487e-08      3.89104e-08      1.90854e-08
1658      5.42241e-05      0.0001572      2.31943e-06      1.59227e-06      8.12333e-07      0.000435742      7.20838e-06      4.90733e-06      2.56078e-06      1.3262e-07      9.56485e-08      4.71807e-08      6.91265e-08      3.40637e-08      1.66639e-08
1677      4.8982e-05      0.000142984      2.06129e-06      1.41588e-06      7.20296e-07      0.00039889      6.45385e-06      4.39691e-06      2.28795e-06      1.16446e-07      8.39719e-08      4.13097e-08      6.06737e-08      2.98171e-08      1.45475e-08
1696      4.42699e-05      0.000130114      1.83338e-06      1.26006e-06      6.3924e-07      0.000365308      5.78256e-06      3.94244e-06      2.04577e-06      1.02353e-07      7.37982e-08      3.62095e-08      5.33098e-08      2.61287e-08      1.27148e-08
1715      3.99979e-05      0.000118376      1.62981e-06      1.12078e-06      5.6697e-07      0.000334509      5.17907e-06      3.53358e-06      1.82842e-06      8.98971e-08      6.48065e-08      3.17121e-08      4.6802e-08      2.28766e-08      1.11025e-08
1734      3.61644e-05      0.000107765      1.45052e-06      9.9804e-07      5.03493e-07      0.000306473      4.64326e-06      3.17028e-06      1.63592e-06      7.90787e-08      5.6997e-08      2.78184e-08      4.1151e-08      2.00617e-08      9.71142e-09
1753      3.26829e-05      9.80714e-05      1.28997e-06      8.88066e-07      4.46748e-07      0.000280723      4.16047e-06      2.8427e-06      1.46276e-06      6.94879e-08      5.00739e-08      2.4374e-08      3.61419e-08      1.7572e-08      8.48361e-09
1772      2.95589e-05      8.93073e-05      1.14859e-06      7.9116e-07      3.96914e-07      0.000257279      3.73181e-06      2.5516e-06      1.30938e-06      6.11594e-08      4.40627e-08      2.13928e-08      3.17935e-08      1.54177e-08      7.42463e-09
1791      2.67218e-05      8.1301e-05      1.022e-06      7.04335e-07      3.52367e-07      0.000235743      3.34555e-06      2.28912e-06      1.17141e-06      5.37763e-08      3.87341e-08      1.87559e-08      2.79396e-08      1.35125e-08      6.49008e-09
1810      2.41713e-05      7.40502e-05      9.10234e-07      6.27635e-07      3.13142e-07      0.000216106      3.00179e-06      2.05532e-06      1.0489e-06      4.73454e-08      3.40935e-08      1.64665e-08      2.4584e-08      1.18589e-08      5.68142e-09
1829      2.1858e-05      6.74329e-05      8.10323e-07      5.5903e-07      2.78143e-07      0.000198082      2.69247e-06      1.8448e-06      9.38865e-07      4.16564e-08      2.99885e-08      1.4446e-08      2.16163e-08      1.03998e-08      4.96949e-09
1848      1.97738e-05      6.14283e-05      7.21857e-07      4.98245e-07      2.47228e-07      0.000181618      2.41643e-06      1.65677e-06      8.40885e-07      3.66832e-08      2.64007e-08      1.26852e-08      1.90233e-08      9.12861e-09      4.35106e-09
1867      1.78853e-05      5.59526e-05      6.42879e-07      4.43949e-07      2.19683e-07      0.000166515      2.16832e-06      1.48766e-06      7.52979e-07      3.22911e-08      2.32326e-08      1.1134e-08      1.6734e-08      8.00907e-09      3.80767e-09
1886      1.61819e-05      5.09784e-05      5.72832e-07      3.95764e-07      1.95312e-07      0.000152704      1.94656e-06      1.33638e-06      6.74581e-07      2.8444e-08      2.04582e-08      9.77949e-09      1.47299e-08      7.03178e-09      3.33466e-09
1905      1.46385e-05      4.64422e-05      5.10301e-07      3.52725e-07      1.73599e-07      0.000140034      1.74724e-06      1.20031e-06      6.04243e-07      2.50468e-08      1.80086e-08      8.5864e-09      1.29609e-08      6.17123e-09      2.91913e-09
1924      1.32462e-05      4.23205e-05      4.54827e-07      3.14521e-07      1.54382e-07      0.000128445      1.56902e-06      1.07856e-06      5.41493e-07      2.20703e-08      1.58629e-08      7.54428e-09      1.14118e-08      5.41984e-09      2.55734e-09
1943      1.19834e-05      3.85585e-05      4.05239e-07      2.80353e-07      1.37238e-07      0.000117804      1.40863e-06      9.68907e-07      4.85122e-07      1.94377e-08      1.39655e-08      6.62489e-09      1.00424e-08      4.75715e-09      2.23898e-09
1962      1.08452e-05      3.51427e-05      3.61303e-07      2.50061e-07      1.22086e-07      0.000108077      1.26538e-06      8.70895e-07      4.34887e-07      1.71346e-08      1.23061e-08      5.82318e-09      8.84522e-09      4.17952e-09      1.96229e-09
1981      9.81083e-06      3.20191e-05      3.21914e-07      2.22891e-07      1.08527e-07      9.91296e-05      1.13611e-06      7.82397e-07      3.89635e-07      1.50905e-08      1.08336e-08      5.1133e-09      7.78319e-09      3.66821e-09      1.71789e-09
2000      8.88071e-06      2.91885e-05      2.87122e-07      1.98878e-07      9.65819e-08      9.09637e-05      1.02096e-06      7.03498e-07      3.4942e-07      1.33091e-08      9.5508e-09      4.49676e-09      6.85835e-09      3.22434e-09      1.50638e-09
