m_sq,dd,du,ds,dc,db,uu,us,uc,ub,ss,sc,sb,cc,cb,bb
100      7.00327      9.89971      2.65517      1.8988      1.22743      13.8966      3.94806      2.85549      1.88201      0.838326      0.585836      0.359914      0.409045      0.25037      0.151825
138      2.09409      3.11336      0.686528      0.486912      0.313818      4.60221      1.0688      0.764362      0.501961      0.19121      0.133686      0.0820827      0.0934824      0.0572409      0.0347465
157      1.27315      1.9353      0.3909      0.276187      0.177524      2.92569      0.620914      0.441755      0.289249      0.103073      0.0720773      0.0441769      0.0504317      0.0308369      0.0186964
176      0.813011      1.26152      0.234694      0.165229      0.105879      1.94686      0.379811      0.26891      0.1755      0.0588252      0.0411439      0.0251609      0.0288049      0.017579      0.0106393
195      0.539915      0.853979      0.147046      0.103178      0.0659024      1.34333      0.242157      0.170671      0.111006      0.0351552      0.0245944      0.0150023      0.017229      0.0104908      0.00633582
214      0.370209      0.596165      0.0954163      0.066742      0.0424865      0.954593      0.159736      0.112103      0.0726571      0.0218225      0.0152711      0.00928975      0.0107044      0.00650172      0.0039173
233      0.260687      0.426948      0.0637563      0.0444664      0.0282092      0.695093      0.108407      0.0757773      0.0489392      0.0139842      0.00978904      0.0059378      0.00686614      0.00415935      0.00249957
252      0.187742      0.312425      0.0436777      0.0303799      0.0192059      0.516643      0.0753719      0.0524899      0.0337787      0.00920795      0.00644793      0.00389959      0.00452569      0.00273397      0.00163855
271      0.137839      0.232875      0.030572      0.0212101      0.013362      0.390803      0.0535051      0.037132      0.0238102      0.00620665      0.00434792      0.00262157      0.00305383      0.00183955      0.0010994
290      0.102902      0.176367      0.021802      0.0150896      0.00947298      0.300128      0.038675      0.0267526      0.0170937      0.00426978      0.00299233      0.00179867      0.0021032      0.00126322      0.000752789
309      0.0779489      0.135445      0.0158052      0.0109147      0.0068282      0.233561      0.028403      0.0195874      0.0124714      0.00299061      0.0020968      0.00125648      0.00147485      0.000883207      0.000524791
328      0.0598113      0.105301      0.0116258      0.0080118      0.00499482      0.183888      0.021155      0.0145475      0.00923015      0.00212838      0.00149297      0.000891874      0.00105091      0.000627469      0.000371737
347      0.0464222      0.082764      0.00866327      0.0059586      0.00370202      0.146286      0.0159555      0.0109428      0.00691908      0.00153649      0.00107832      0.00064217      0.000759619      0.000452191      0.000267099
366      0.0364005      0.0656869      0.00653125      0.00448401      0.00277634      0.117453      0.0121702      0.00832592      0.00524639      0.00112348      0.000788876      0.000468335      0.000556149      0.000330073      0.000194383
385      0.028806      0.0525918      0.00497587      0.00341036      0.00210439      0.0950892      0.00937753      0.00640049      0.00401943      0.000831026      0.000583838      0.000345531      0.000411921      0.000243738      0.000143108
404      0.0229868      0.0424426      0.0038273      0.002619      0.00161062      0.0775648      0.00729273      0.00496675      0.00310857      0.000621219      0.000436681      0.000257638      0.000308339      0.000181897      0.000106477
423      0.0184825      0.0344994      0.00296959      0.00202907      0.00124364      0.0637036      0.00571929      0.00388729      0.00242485      0.000468865      0.000329775      0.000193963      0.000233038      0.000137061      7.99898e-05
442      0.0149636      0.0282275      0.00232245      0.00158472      0.00096805      0.0526461      0.00451985      0.00306629      0.00190639      0.000356988      0.000251235      0.000147312      0.000177678      0.000104187      6.06204e-05
461      0.0121917      0.0232353      0.00182966      0.00124687      0.000759145      0.0437573      0.00359728      0.00243614      0.00150964      0.000274013      0.000192956      0.000112792      0.000136571      7.98406e-05      4.63145e-05
480      0.0099913      0.0192322      0.00145119      0.000987779      0.000599416      0.0365609      0.00288172      0.00194839      0.00120345      0.0002119      0.000149308      8.70096e-05      0.000105762      6.16429e-05      3.56502e-05
499      0.00823214      0.0160004      0.0011582      0.000787489      0.000476306      0.0306966      0.00232244      0.00156789      0.0009653      0.000165004      0.000116337      6.75878e-05      8.24714e-05      4.79236e-05      2.76322e-05
518      0.0068165      0.0133747      0.000929718      0.000631501      0.000380712      0.0258889      0.00188218      0.0012689      0.000778715      0.000129313      9.12299e-05      5.28399e-05      6.47238e-05      3.74976e-05      2.15555e-05
537      0.00567032      0.011229      0.000750315      0.00050917      0.000305967      0.0219252      0.00153329      0.00103237      0.000631535      0.000101946      7.19682e-05      4.1557e-05      5.10982e-05      2.95148e-05      1.69156e-05
556      0.00473704      0.00946593      0.000608539      0.000412608      0.000247141      0.0186403      0.00125508      0.000844056      0.000514698      8.08131e-05      5.70864e-05      3.28638e-05      4.05633e-05      2.33595e-05      1.33475e-05
575      0.00397333      0.00801028      0.000495894      0.000335971      0.000200593      0.0159052      0.00103205      0.000693322      0.000421452      6.4402e-05      4.55231e-05      2.61281e-05      3.23716e-05      1.85865e-05      1.05885e-05
594      0.00334519      0.0068026      0.000405864      0.000274781      0.000163535      0.0136175      0.000852238      0.000571964      0.000346593      5.15728e-05      3.64784e-05      2.0874e-05      2.59594e-05      1.48605e-05      8.44051e-06
613      0.00282615      0.00579617      0.000333525      0.000225661      0.000133874      0.0116957      0.000706515      0.000473741      0.000286178      4.14848e-05      2.93621e-05      1.67514e-05      2.09106e-05      1.19346e-05      6.7584e-06
632      0.00239558      0.00495426      0.000275157      0.000186063      0.000110034      0.0100753      0.000587932      0.00039391      0.000237217      3.35179e-05      2.37388e-05      1.35029e-05      1.69182e-05      9.62734e-06      5.4356e-06
651      0.00203679      0.00424696      0.000227807      0.000153966      9.07643e-05      0.00870352      0.000490934      0.000328683      0.000197325      2.71871e-05      1.92676e-05      1.09269e-05      1.37415e-05      7.79638e-06      4.38871e-06
670      0.00173683      0.00365083      0.000189264      0.000127859      7.51375e-05      0.00753857      0.000411321      0.000275204      0.000164712      2.2139e-05      1.57002e-05      8.87742e-06      1.12051e-05      6.33856e-06      3.5575e-06
689      0.00148506      0.00314652      0.000157741      0.000106521      6.24024e-05      0.00654572      0.00034568      0.000231153      0.000137924      1.8092e-05      1.28385e-05      7.23782e-06      9.16903e-06      5.17144e-06      2.89385e-06
708      0.00127304      0.00271853      0.000131864      8.90164e-05      5.19852e-05      0.00569697      0.000291363      0.000194734      0.00011584      1.48344e-05      1.05336e-05      5.92089e-06      7.528e-06      4.23334e-06      2.36189e-06
727      0.00109401      0.00235433      0.000110561      7.46146e-05      4.34397e-05      0.00496947      0.000246288      0.000164538      9.75811e-05      1.22047e-05      8.67186e-06      4.86012e-06      6.20154e-06      3.47718e-06      1.93431e-06
746      0.000942294      0.00204336      9.2946e-05      6.27118e-05      3.63972e-05      0.00434393      0.000208723      0.000139391      8.24182e-05      1.00708e-05      7.16017e-06      4.00114e-06      5.12376e-06      2.86444e-06      1.58876e-06
765      0.000813379      0.00177715      7.83367e-05      5.28449e-05      3.0576e-05      0.0038047      0.000177328      0.000118388      6.97892e-05      8.33369e-06      5.92886e-06      3.30338e-06      4.2453e-06      2.36637e-06      1.30865e-06
784      0.00070357      0.00154872      6.61883e-05      4.46436e-05      2.57514e-05      0.00333879      0.000151018      0.000100799      5.92424e-05      6.91567e-06      4.92309e-06      2.73501e-06      3.52727e-06      1.96039e-06      1.08096e-06
803      0.000609801      0.00135223      5.60574e-05      3.78069e-05      2.17412e-05      0.00293529      0.000128909      8.60265e-05      5.04094e-05      5.75451e-06      4.099e-06      2.27058e-06      2.93856e-06      1.62844e-06      8.95304e-07
822      0.000529507      0.00118277      4.75805e-05      3.20882e-05      1.83964e-05      0.00258496      0.00011027      7.35786e-05      4.2987e-05      4.79998e-06      3.42115e-06      1.88961e-06      2.45401e-06      1.35596e-06      7.43324e-07
841      0.000460598      0.0010363      4.04698e-05      2.72925e-05      1.55994e-05      0.00228017      9.45182e-05      6.30632e-05      3.67342e-05      4.01318e-06      2.86206e-06      1.57623e-06      2.05411e-06      1.13169e-06      6.18579e-07
860      0.000401333      0.000909445      3.44907e-05      2.3261e-05      1.32548e-05      0.00201445      8.11742e-05      5.41586e-05      3.14539e-05      3.36292e-06      2.39972e-06      1.31779e-06      1.72321e-06      9.46627e-07      5.15919e-07
879      0.000350256      0.000799355      2.94512e-05      1.98636e-05      1.12846e-05      0.00178235      6.98441e-05      4.66003e-05      2.69844e-05      2.82411e-06      2.01639e-06      1.1041e-06      1.4487e-06      7.93519e-07      4.31221e-07
898      0.00030615      0.000703632      2.51941e-05      1.69941e-05      9.62537e-06      0.00157924      6.02026e-05      4.01701e-05      2.31925e-05      2.37655e-06      1.69779e-06      9.26982e-07      1.2204e-06      6.66537e-07      3.61169e-07
917      0.000267991      0.000620247      2.15901e-05      1.45651e-05      8.2248e-06      0.00140118      5.19804e-05      3.46878e-05      1.99685e-05      2.00389e-06      1.43235e-06      7.79813e-07      1.03009e-06      5.60971e-07      3.03091e-07
936      0.000234916      0.000547481      1.85325e-05      1.25046e-05      7.04007e-06      0.00124482      4.49543e-05      3.00037e-05      1.72216e-05      1.69286e-06      1.21068e-06      6.5725e-07      8.71072e-07      4.73008e-07      2.5483e-07
955      0.000206198      0.000483876      1.59333e-05      1.0753e-05      6.03586e-06      0.00110728      3.89385e-05      2.59937e-05      1.48764e-05      1.4327e-06      1.02516e-06      5.54951e-07      7.37914e-07      3.9955e-07      2.14639e-07
974      0.000181222      0.000428187      1.37196e-05      9.26118e-06      5.18301e-06      0.00098612      3.3778e-05      2.2554e-05      1.28704e-05      1.21463e-06      8.69557e-07      4.69385e-07      6.26176e-07      3.38078e-07      1.81097e-07
993      0.000159466      0.000379356      1.18307e-05      7.98822e-06      4.45734e-06      0.000879218      2.93434e-05      1.95982e-05      1.11512e-05      1.03146e-06      7.38791e-07      3.97671e-07      5.32223e-07      2.86531e-07      1.53049e-07
1012      0.000140485      0.000336473      1.02162e-05      6.90007e-06      3.83879e-06      0.000784764      2.55258e-05      1.70536e-05      9.6754e-06      8.77315e-07      6.28682e-07      3.37449e-07      4.53074e-07      2.43225e-07      1.29548e-07
1031      0.000123902      0.000298762      8.83388e-06      5.96831e-06      3.31062e-06      0.000701195      2.22341e-05      1.48594e-05      8.40625e-06      7.47345e-07      5.35793e-07      2.86782e-07      3.8627e-07      2.06773e-07      1.09822e-07
1050      0.000109394      0.000265553      7.64838e-06      5.16911e-06      2.85888e-06      0.000627157      1.93912e-05      1.29642e-05      7.31303e-06      6.37559e-07      4.57288e-07      2.44076e-07      3.29785e-07      1.76036e-07      9.32325e-08
1069      9.6683e-05      0.00023627      6.63007e-06      4.4825e-06      2.47187e-06      0.000561478      1.69321e-05      1.13246e-05      6.36983e-06      5.44656e-07      3.9082e-07      2.08016e-07      2.81941e-07      1.50071e-07      7.92573e-08
1088      8.55318e-05      0.000210415      5.754e-06      3.89169e-06      2.13979e-06      0.000503141      1.48018e-05      9.90394e-06      5.5548e-06      4.65902e-07      3.34448e-07      1.77514e-07      2.41345e-07      1.281e-07      6.74636e-08
1107      7.57364e-05      0.000187558      4.99915e-06      3.3825e-06      1.85439e-06      0.000451263      1.29534e-05      8.67106e-06      4.84943e-06      3.99027e-07      2.86554e-07      1.5167e-07      2.06842e-07      1.09477e-07      5.74938e-08
1126      6.71213e-05      0.000167326      4.34781e-06      2.94303e-06      1.60875e-06      0.000405073      1.13475e-05      7.5996e-06      4.23806e-06      3.42147e-07      2.45799e-07      1.29736e-07      1.77471e-07      9.36658e-08      4.90524e-08
1145      5.95407e-05      0.00014941      3.78567e-06      2.56364e-06      1.3973e-06      0.000363923      9.95164e-06      6.6681e-06      3.70804e-06      2.93771e-07      2.11121e-07      1.11124e-07      1.52469e-07      8.0245e-08      4.19069e-08
1164      5.28614e-05      0.000133522      3.29967e-06      2.23554e-06      1.21495e-06      0.000327218      8.73647e-06      5.85689e-06      3.24773e-06      2.5254e-07      1.81552e-07      9.52967e-08      1.31144e-07      6.88287e-08      3.58454e-08
1183      4.69684e-05      0.000119417      2.87878e-06      1.9513e-06      1.05742e-06      0.000294438      7.67685e-06      5.14929e-06      2.8473e-06      2.1733e-07      1.5629e-07      8.18108e-08      1.12918e-07      5.90983e-08      3.06928e-08
1202      4.17626e-05      0.000106878      2.51374e-06      1.70469e-06      9.21125e-07      0.00026513      6.75154e-06      4.53115e-06      2.49843e-06      1.87208e-07      1.34669e-07      7.02994e-08      9.73154e-08      5.07902e-08      2.63051e-08
1221      3.71585e-05      9.57194e-05      2.19666e-06      1.4904e-06      8.03015e-07      0.000238899      5.94236e-06      3.99037e-06      2.19404e-06      1.61396e-07      1.16134e-07      6.04566e-08      8.39353e-08      4.36845e-08      2.25623e-08
1240      3.30879e-05      8.57905e-05      1.92151e-06      1.30438e-06      7.00781e-07      0.000215419      5.23522e-06      3.5176e-06      1.92867e-06      1.3931e-07      1.00269e-07      5.20551e-08      7.24794e-08      3.76179e-08      1.93757e-08
1259      2.94841e-05      7.69449e-05      1.68232e-06      1.14261e-06      6.12123e-07      0.000194379      4.61624e-06      3.10357e-06      1.69691e-06      1.20372e-07      8.66592e-08      4.48675e-08      6.26497e-08      3.24267e-08      1.66564e-08
1278      2.62887e-05      6.9053e-05      1.47395e-06      1.00162e-06      5.35064e-07      0.000175499      4.07336e-06      2.74028e-06      1.4941e-06      1.0409e-07      7.49542e-08      3.87018e-08      5.41935e-08      2.79726e-08      1.43294e-08
1297      2.34518e-05      6.20035e-05      1.29212e-06      8.7853e-07      4.67973e-07      0.00015854      3.59646e-06      2.42099e-06      1.31632e-06      9.00634e-08      6.48677e-08      3.34023e-08      4.69049e-08      2.41435e-08      1.2334e-08
1316      2.09358e-05      5.57115e-05      1.1338e-06      7.71304e-07      4.09697e-07      0.000143312      3.17826e-06      2.14085e-06      1.16077e-06      7.80169e-08      5.6202e-08      2.8862e-08      4.06418e-08      2.08625e-08      1.0629e-08
1335      1.8701e-05      5.00875e-05      9.9562e-07      6.77681e-07      3.58956e-07      0.000129623      2.81076e-06      1.89455e-06      1.02439e-06      6.76411e-08      4.87359e-08      2.49607e-08      3.52446e-08      1.80428e-08      9.16775e-09
1354      1.67123e-05      4.50524e-05      8.74717e-07      5.95721e-07      3.14654e-07      0.000117297      2.48706e-06      1.67748e-06      9.04506e-07      5.86752e-08      4.22825e-08      2.15971e-08      3.05787e-08      1.56115e-08      7.91091e-09
1373      1.49424e-05      4.05436e-05      7.68951e-07      5.23987e-07      2.75986e-07      0.000106197      2.20196e-06      1.48619e-06      7.99141e-07      5.09317e-08      3.67073e-08      1.86989e-08      2.65472e-08      1.35162e-08      6.83071e-09
1392      1.33687e-05      3.65086e-05      6.76576e-07      4.61302e-07      2.42294e-07      9.62045e-05      1.95118e-06      1.31782e-06      7.06666e-07      4.42587e-08      3.19017e-08      1.62078e-08      2.30717e-08      1.17151e-08      5.90475e-09
1411      1.19654e-05      3.28887e-05      5.95549e-07      4.0629e-07      2.12804e-07      8.71891e-05      1.72974e-06      1.16907e-06      6.25176e-07      3.84765e-08      2.77365e-08      1.4054e-08      2.0059e-08      1.01578e-08      5.10617e-09
1430      1.07134e-05      2.96394e-05      5.24449e-07      3.57991e-07      1.86982e-07      7.90511e-05      1.53413e-06      1.03758e-06      5.53334e-07      3.34647e-08      2.41255e-08      1.21916e-08      1.74469e-08      8.81109e-09      4.41732e-09
1449      9.59854e-06      2.67271e-05      4.62252e-07      3.15717e-07      1.64448e-07      7.17132e-05      1.36177e-06      9.21653e-07      4.90174e-07      2.91384e-08      2.10079e-08      1.05882e-08      1.51915e-08      7.65163e-09      3.82596e-09
1468      8.60225e-06      2.41089e-05      4.07553e-07      2.78519e-07      1.4467e-07      6.50795e-05      1.2092e-06      8.18965e-07      4.34371e-07      2.53784e-08      1.82977e-08      9.19783e-09      1.32308e-08      6.64616e-09      3.31441e-09
1487      7.71213e-06      2.17552e-05      3.59481e-07      2.45809e-07      1.27326e-07      5.90822e-05      1.0742e-06      7.28046e-07      3.85093e-07      2.21141e-08      1.59445e-08      7.99367e-09      1.15282e-08      5.77536e-09      2.87252e-09
1506      6.91805e-06      1.96419e-05      3.17334e-07      2.17115e-07      1.12156e-07      5.36648e-05      9.54985e-07      6.47703e-07      3.41672e-07      1.9289e-08      1.39076e-08      6.95431e-09      1.00544e-08      5.02374e-09      2.49218e-09
1525      6.20668e-06      1.77375e-05      2.8015e-07      1.91785e-07      9.87977e-08      4.87563e-05      8.49134e-07      5.76321e-07      3.03188e-07      1.68244e-08      1.21305e-08      6.04963e-09      8.76856e-09      4.36952e-09      2.16192e-09
1544      5.57128e-06      1.60254e-05      2.47502e-07      1.69532e-07      8.70961e-08      4.43172e-05      7.55524e-07      5.13149e-07      2.69227e-07      1.46881e-08      1.05898e-08      5.26752e-09      7.65382e-09      3.80398e-09      1.87722e-09
1563      5.00272e-06      1.44838e-05      2.18759e-07      1.49929e-07      7.68159e-08      4.0297e-05      6.72542e-07      4.5711e-07      2.39182e-07      1.28297e-08      9.24943e-09      4.58888e-09      6.68405e-09      3.31327e-09      1.63083e-09
1582      4.49269e-06      1.30927e-05      1.93363e-07      1.32599e-07      6.77505e-08      3.66492e-05      5.98748e-07      4.07243e-07      2.12511e-07      1.1206e-08      8.07824e-09      3.99729e-09      5.83669e-09      2.88555e-09      1.41658e-09
1601      4.03711e-06      1.18418e-05      1.71071e-07      1.17378e-07      5.98125e-08      3.33486e-05      5.3349e-07      3.63111e-07      1.88978e-07      9.79933e-09      7.0636e-09      3.48627e-09      5.10265e-09      2.51611e-09      1.23207e-09
1620      3.6278e-06      1.07113e-05      1.51334e-07      1.03894e-07      5.27973e-08      3.03498e-05      4.75344e-07      3.23763e-07      1.68045e-07      8.56714e-09      6.17474e-09      3.03963e-09      4.45964e-09      2.19325e-09      1.07119e-09
1639      3.26152e-06      9.69306e-06      1.33968e-07      9.20224e-08      4.66389e-08      2.76321e-05      4.23807e-07      2.88862e-07      1.49531e-07      7.4966e-09      5.40248e-09      2.65266e-09      3.90104e-09      1.91356e-09      9.32208e-10
1658      2.9329e-06      8.77377e-06      1.18627e-07      8.15291e-08      4.12099e-08      2.51645e-05      3.77971e-07      2.57799e-07      1.33096e-07      6.56168e-09      4.72806e-09      2.31557e-09      3.41325e-09      1.66995e-09      8.1146e-10
1677      2.63771e-06      7.94293e-06      1.05054e-07      7.22398e-08      3.64162e-08      2.29217e-05      3.37145e-07      2.30112e-07      1.18485e-07      5.74377e-09      4.13804e-09      2.02139e-09      2.98656e-09      1.45738e-09      7.06356e-10
1696      2.37337e-06      7.19396e-06      9.31014e-08      6.40546e-08      3.22045e-08      2.08874e-05      3.00926e-07      2.05532e-07      1.0555e-07      5.03246e-09      3.62495e-09      1.76628e-09      2.61556e-09      1.27309e-09      6.15487e-10
1715      2.13528e-06      6.51545e-06      8.24861e-08      5.67811e-08      2.84707e-08      1.90346e-05      2.68558e-07      1.83549e-07      9.40093e-08      4.40721e-09      3.17395e-09      1.54254e-09      2.2895e-09      1.11148e-09      5.35978e-10
1734      1.92225e-06      5.90413e-06      7.31516e-08      5.03812e-08      2.51956e-08      1.73545e-05      2.39873e-07      1.64054e-07      8.38049e-08      3.86455e-09      2.78257e-09      1.34895e-09      2.0066e-09      9.7168e-10      4.67406e-10
1753      1.7301e-06      5.34956e-06      6.48441e-08      4.46825e-08      2.22857e-08      1.58223e-05      2.14189e-07      1.46586e-07      7.46823e-08      3.38633e-09      2.43767e-09      1.17872e-09      1.75734e-09      8.48769e-10      4.07242e-10
1772      1.55812e-06      4.84972e-06      5.75376e-08      3.96672e-08      1.97328e-08      1.44324e-05      1.9142e-07      1.31089e-07      6.66135e-08      2.97122e-09      2.13835e-09      1.03142e-09      1.54106e-09      7.42448e-10      3.55355e-10
1791      1.40295e-06      4.39613e-06      5.10331e-08      3.52002e-08      1.74641e-08      1.31643e-05      1.71025e-07      1.17198e-07      5.93978e-08      2.60532e-09      1.87452e-09      9.01866e-10      1.35046e-09      6.48953e-10      3.09823e-10
1810      1.26388e-06      3.98673e-06      4.53005e-08      3.12609e-08      1.54694e-08      1.20125e-05      1.52911e-07      1.04852e-07      5.3003e-08      2.28691e-09      1.64498e-09      7.89476e-10      1.18468e-09      5.6787e-10      2.7045e-10
1829      1.13846e-06      3.61534e-06      4.02021e-08      2.77555e-08      1.36987e-08      1.09617e-05      1.36698e-07      9.37935e-08      4.72886e-08      2.00661e-09      1.44293e-09      6.90766e-10      1.03879e-09      4.96674e-10      2.35954e-10
1848      1.02585e-06      3.27963e-06      3.56978e-08      2.46569e-08      1.21379e-08      1.0006e-05      1.22266e-07      8.3943e-08      4.22128e-08      1.76198e-09      1.26663e-09      6.04875e-10      9.11529e-10      4.34743e-10      2.06029e-10
1867      9.2435e-07      2.97515e-06      3.16948e-08      2.19017e-08      1.07534e-08      9.13422e-06      1.09354e-07      7.51242e-08      3.76797e-08      1.54684e-09      1.11162e-09      5.29524e-10      7.99657e-10      3.80428e-10      1.79845e-10
1886      8.33124e-07      2.69965e-06      2.81533e-08      1.94628e-08      9.53131e-09      8.34051e-06      9.78459e-08      6.72585e-08      3.36477e-08      1.35876e-09      9.76129e-10      4.63845e-10      7.0191e-10      3.331e-10      1.57089e-10
1905      7.50876e-07      2.44971e-06      2.50053e-08      1.72938e-08      8.44711e-09      7.61628e-06      8.75474e-08      6.02148e-08      3.00459e-08      1.19334e-09      8.56985e-10      4.06221e-10      6.15977e-10      2.9159e-10      1.37177e-10
1924      6.76931e-07      2.22347e-06      2.22192e-08      1.5373e-08      7.48972e-09      6.95663e-06      7.83642e-08      5.39296e-08      2.68408e-08      1.04866e-09      7.52812e-10      3.55974e-10      5.40868e-10      2.55407e-10      1.19867e-10
1943      6.10205e-07      2.01806e-06      1.97396e-08      1.36628e-08      6.63932e-09      6.35423e-06      7.0137e-08      4.8295e-08      2.39744e-08      9.21234e-10      6.61078e-10      3.11826e-10      4.74748e-10      2.23627e-10      1.04696e-10
1962      5.50245e-07      1.83218e-06      1.75468e-08      1.21496e-08      5.889e-09      5.80561e-06      6.28048e-08      4.32698e-08      2.14253e-08      8.09902e-10      5.80957e-10      2.73374e-10      4.17021e-10      1.95959e-10      9.15252e-11
1981      4.96046e-07      1.66314e-06      1.55906e-08      1.07991e-08      5.22088e-09      5.30394e-06      5.62218e-08      3.87554e-08      1.91404e-08      7.11557e-10      5.102e-10      2.39488e-10      3.66057e-10      1.71584e-10      7.99458e-11
2000      4.47415e-07      1.51036e-06      1.38643e-08      9.60665e-09      4.63277e-09      4.84743e-06      5.03652e-08      3.47363e-08      1.71123e-08      6.25873e-10      4.48575e-10      2.10062e-10      3.21689e-10      1.50427e-10      6.99245e-11
