m_sq,dd,du,ds,dc,db,uu,us,uc,ub,ss,sc,sb,cc,cb,bb
100      179.507      235.617      83.981      61.8647      41.5202      304.899      117.753      88.1823      60.4648      31.3114      22.2342      14.0941      15.7509      9.93092      6.19512
138      57.139      78.1479      23.7288      17.3056      11.5719      105.498      34.6933      25.6682      17.5293      7.84583      5.55574      3.51518      3.92929      2.47577      1.54462
157      35.7872      49.8866      14.0456      10.1955      6.79657      68.6744      20.9247      15.392      10.4773      4.40128      3.11295      1.9651      2.20005      1.38369      0.861927
176      23.5252      33.3954      8.7423      6.31762      4.19704      46.8344      13.256      9.6969      6.57694      2.60493      1.84058      1.15875      1.30003      0.815758      0.50709
195      16.0722      23.216      5.66517      4.07661      2.69848      33.1397      8.73489      6.3557      4.29456      1.60981      1.13649      0.713389      0.802347      0.502167      0.311403
214      11.3307      16.6425      3.79453      2.71955      1.7935      24.1605      5.94439      4.30323      2.89651      1.03086      0.72726      0.455092      0.513253      0.320337      0.198121
233      8.19881      12.237      2.6127      1.8654      1.22557      18.0535      4.15559      2.99363      2.00719      0.680089      0.479526      0.299108      0.338339      0.210552      0.129856
252      6.06441      9.19199      1.84161      1.31011      0.857487      13.7718      2.97205      2.13105      1.42328      0.460211      0.324347      0.201652      0.22882      0.141969      0.0873024
271      4.57057      7.03136      1.32448      0.938996      0.612255      10.6913      2.16758      1.54729      1.02939      0.318303      0.224256      0.138961      0.158202      0.0978521      0.0599922
290      3.50096      5.46355      0.969388      0.68501      0.444961      8.426      1.60796      1.14293      0.757445      0.224395      0.158055      0.0976113      0.111505      0.0687537      0.0420231
309      2.71974      4.30351      0.720461      0.507529      0.328439      6.72796      1.2107      0.857056      0.56583      0.160867      0.113289      0.0697308      0.0799342      0.0491322      0.0299372
328      2.13922      3.43052      0.542779      0.381234      0.245794      5.43392      0.923675      0.651326      0.428391      0.117054      0.082427      0.0505656      0.0581705      0.0356424      0.0216499
347      1.70117      2.76362      0.413888      0.28989      0.186212      4.43323      0.712991      0.500896      0.328226      0.0863121      0.0607775      0.0371601      0.0429034      0.0262048      0.0158674
366      1.36613      2.24736      0.319047      0.222867      0.142636      3.64934      0.556173      0.389341      0.25419      0.0644087      0.0453556      0.0276387      0.0320273      0.0194999      0.0117703
385      1.10672      1.84294      0.248352      0.173043      0.110347      3.02813      0.437963      0.305554      0.198762      0.0485842      0.0342154      0.0207809      0.0241698      0.0146692      0.00882646
404      0.903678      1.52274      0.195041      0.135571      0.0861403      2.53076      0.347842      0.241897      0.156788      0.0370081      0.0260667      0.0157794      0.0184213      0.0111449      0.00668468
423      0.743167      1.26678      0.154411      0.107084      0.067797      2.12879      0.278421      0.193027      0.124668      0.0284425      0.0200374      0.0120897      0.014167      0.00854392      0.00510841
442      0.615157      1.06039      0.123151      0.0852202      0.0537635      1.80122      0.224451      0.155157      0.0998561      0.0220397      0.0155304      0.00933962      0.0109859      0.00660453      0.00393636
461      0.512221      0.89265      0.0988855      0.0682878      0.0429294      1.53221      0.182126      0.12555      0.0805196      0.017207      0.0121283      0.00726987      0.00858395      0.00514421      0.00305629
480      0.428826      0.755324      0.0798959      0.0550666      0.0344965      1.30975      0.14867      0.102219      0.065329      0.0135272      0.00953764      0.00569835      0.00675414      0.00403486      0.00238961
499      0.360799      0.642153      0.0649241      0.0446653      0.0278831      1.12459      0.122034      0.0836961      0.053307      0.0107027      0.00754875      0.00449544      0.00534882      0.00318526      0.00188047
518      0.304956      0.548313      0.053038      0.0364247      0.0226599      0.969581      0.100683      0.0688902      0.0437271      0.00851819      0.00601028      0.00356767      0.00426129      0.00252963      0.00148868
537      0.258856      0.470081      0.0435441      0.0298556      0.0185092      0.839127      0.0834669      0.0569837      0.036047      0.00681758      0.00481233      0.00284739      0.00341407      0.00202033      0.00118521
556      0.22058      0.4045      0.0359121      0.0245848      0.0151893      0.728757      0.0694982      0.0473477      0.0298505      0.0054843      0.00387289      0.00228418      0.00274935      0.00162186      0.000948448
575      0.188655      0.349277      0.0297462      0.0203343      0.0125203      0.634978      0.0581091      0.0395106      0.0248262      0.00443336      0.00313219      0.00184144      0.00222498      0.00130843      0.000762747
594      0.161894      0.302557      0.0247369      0.0168871      0.0103624      0.554932      0.0487727      0.0331011      0.0207296      0.00359986      0.00254454      0.00149119      0.00180873      0.00106032      0.00061617
613      0.139367      0.262868      0.0206481      0.0140779      0.00860931      0.486342      0.0410841      0.0278346      0.0173736      0.00293541      0.00207592      0.0012127      0.00147661      0.000862917      0.000499879
632      0.120329      0.229022      0.0172957      0.0117783      0.00717868      0.42735      0.034725      0.0234881      0.0146122      0.00240314      0.00170038      0.000990182      0.0012103      0.000705081      0.000407163
651      0.104178      0.200055      0.0145355      0.00988777      0.00600613      0.376437      0.0294437      0.0198857      0.0123305      0.00197477      0.00139803      0.000811546      0.000995761      0.000578288      0.000332897
670      0.0904275      0.175178      0.0122538      0.00832712      0.00504117      0.332352      0.0250404      0.0168881      0.0104374      0.00162849      0.00115352      0.000667502      0.000822157      0.000475981      0.000273145
689      0.0786815      0.153745      0.0103603      0.00703377      0.00424394      0.294062      0.0213555      0.0143841      0.00886084      0.00134738      0.000954936      0.000550856      0.000681078      0.000393077      0.000224864
708      0.0686156      0.135222      0.00878326      0.00595795      0.00358282      0.260707      0.0182609      0.0122848      0.00754305      0.00111826      0.000793006      0.000456015      0.000565965      0.000325625      0.000185696
727      0.0599674      0.119175      0.00746609      0.00506048      0.00303301      0.231582      0.0156547      0.0105199      0.00643843      0.000930944      0.000660555      0.000378666      0.000471748      0.000270576      0.000153822
746      0.0525135      0.105229      0.00636182      0.00430892      0.002574      0.206077      0.0134519      0.00903048      0.005509      0.000777148      0.000551754      0.000315311      0.000394305      0.000225456      0.000127773
765      0.0460737      0.0930833      0.00543357      0.00367782      0.00218973      0.183692      0.0115853      0.00777016      0.00472487      0.000650506      0.000462117      0.000263267      0.000330462      0.000188367      0.000106422
784      0.0404955      0.0824779      0.0046509      0.00314622      0.00186704      0.164      0.0099987      0.00670044      0.0040613      0.000545867      0.000388015      0.000220367      0.000277649      0.000157773      8.88603e-05
803      0.0356539      0.0731996      0.00398946      0.00269739      0.00159542      0.146643      0.00864719      0.0057904      0.00349844      0.000459193      0.000326602      0.000184916      0.000233852      0.000132475      7.43808e-05
822      0.0314403      0.0650617      0.0034287      0.00231719      0.00136604      0.131308      0.00749238      0.00501373      0.00301949      0.000387139      0.00027552      0.000155513      0.000197398      0.000111479      6.23982e-05
841      0.027767      0.0579119      0.00295235      0.00199448      0.00117194      0.117737      0.00650372      0.00434955      0.00261112      0.000327109      0.000232938      0.000131074      0.000166992      9.4016e-05      5.2461e-05
860      0.0245586      0.051619      0.00254685      0.00171997      0.00100733      0.105706      0.00565553      0.00378034      0.00226219      0.000276979      0.000197359      0.000110713      0.00014157      7.94578e-05      4.42009e-05
879      0.0217501      0.0460686      0.00220072      0.0014858      0.000867349      0.0950198      0.00492596      0.00329121      0.00196322      0.000234988      0.000167538      9.36963e-05      0.000120248      6.72833e-05      3.73132e-05
898      0.0192874      0.0411651      0.00190469      0.00128566      0.000748067      0.0855124      0.00429721      0.00287004      0.00170656      0.000199736      0.00014249      7.94442e-05      0.000102328      5.70801e-05      3.15575e-05
917      0.0171245      0.0368262      0.00165103      0.00111425      0.000646225      0.0770412      0.00375433      0.00250669      0.00148578      0.000170078      0.000121404      6.74814e-05      8.72332e-05      4.85106e-05      2.67374e-05
936      0.0152219      0.0329811      0.00143326      0.000967167      0.000559103      0.0694821      0.00328474      0.00219262      0.00129551      0.000145075      0.000103616      5.74191e-05      7.44919e-05      4.12981e-05      2.26925e-05
955      0.0135456      0.0295686      0.00124597      0.000840722      0.000484435      0.0627273      0.00287781      0.00192064      0.00113123      0.000123951      8.85802e-05      4.89379e-05      6.37152e-05      3.52154e-05      1.92911e-05
974      0.0120666      0.0265357      0.0010846      0.000731824      0.000420326      0.0566833      0.00252458      0.0016847      0.000989144      0.000106071      7.58451e-05      4.17752e-05      5.45821e-05      3.00754e-05      1.64252e-05
993      0.0107598      0.0238365      0.000945344      0.000637875      0.000365188      0.0512681      0.00221748      0.00147967      0.000866035      9.09069e-05      6.50382e-05      3.57147e-05      4.68275e-05      2.57239e-05      1.4006e-05
1012      0.00960363      0.0214314      0.00082497      0.000556689      0.000317685      0.0464103      0.00195004      0.00130121      0.000759195      7.80227e-05      5.58508e-05      3.05771e-05      4.02312e-05      2.20331e-05      1.196e-05
1031      0.0085794      0.0192854      0.000720757      0.000486417      0.000276694      0.0420474      0.00171679      0.00114562      0.000666325      6.70559e-05      4.8026e-05      2.62142e-05      3.46101e-05      1.8897e-05      1.02267e-05
1050      0.00767089      0.0173684      0.000630392      0.000425494      0.000241264      0.0381241      0.00151305      0.00100976      0.000585469      5.77045e-05      4.13499e-05      2.25024e-05      2.98117e-05      1.62276e-05      8.75553e-06
1069      0.00686433      0.0156545      0.00055196      0.000372623      0.000210611      0.0345934      0.00133492      0.000891006      0.000515001      4.97219e-05      3.56477e-05      1.93412e-05      2.57111e-05      1.39531e-05      7.50566e-06
1088      0.00614754      0.0141206      0.000483799      0.000326679      0.000184057      0.0314128      0.00117896      0.000787063      0.000453507      4.28979e-05      3.07704e-05      1.66451e-05      2.22019e-05      1.20123e-05      6.44227e-06
1107      0.00550963      0.0127459      0.00042446      0.000286683      0.00016101      0.028544      0.00104221      0.000695928      0.000399749      3.70524e-05      2.65901e-05      1.43409e-05      1.91926e-05      1.03529e-05      5.53566e-06
1126      0.00494122      0.0115126      0.000372722      0.000251809      0.000140975      0.0259534      0.000922102      0.000615897      0.00035268      3.20361e-05      2.30007e-05      1.23681e-05      1.66076e-05      8.93146e-06      4.76133e-06
1145      0.00443471      0.0104059      0.000327612      0.000221403      0.000123561      0.0236137      0.000816618      0.000545612      0.000311467      2.77319e-05      1.99194e-05      1.06795e-05      1.43875e-05      7.71423e-06      4.10018e-06
1164      0.00398266      0.00941132      0.000288205      0.000194838      0.000108394      0.0214978      0.000723799      0.000483766      0.000275309      2.40302e-05      1.72678e-05      9.23052e-06      1.24761e-05      6.66938e-06      3.5343e-06
1183      0.00357872      0.00851655      0.000253725      0.000171592      9.51608e-05      0.019582      0.000642003      0.000429262      0.000243537      2.08408e-05      1.49821e-05      7.98501e-06      1.08278e-05      5.77088e-06      3.04907e-06
1202      0.00321786      0.00771169      0.000223572      0.000151259      8.36224e-05      0.0178476      0.000569947      0.000381243      0.000215629      1.80946e-05      1.3013e-05      6.91515e-06      9.4072e-06      4.99881e-06      2.63335e-06
1221      0.00289482      0.00698628      0.000197128      0.000133424      7.35318e-05      0.0162747      0.000506304      0.000338825      0.000191049      1.57221e-05      1.1311e-05      5.99303e-06      8.17884e-06      4.33312e-06      2.27593e-06
1240      0.00260576      0.00633271      0.000173955      0.000117791      6.47143e-05      0.0148484      0.000450124      0.000301374      0.000169412      1.36744e-05      9.84128e-06      5.19905e-06      7.11772e-06      3.75975e-06      1.96898e-06
1259      0.00234664      0.0057429      0.000153599      0.000104056      5.69904e-05      0.0135533      0.000400425      0.000268235      0.000150322      1.1902e-05      8.56861e-06      4.51347e-06      6.19854e-06      3.26451e-06      1.7046e-06
1278      0.0021144      0.00521066      0.000135724      9.19906e-05      5.02265e-05      0.0123771      0.000356465      0.000238916      0.000133483      1.03685e-05      7.46697e-06      3.92174e-06      5.40263e-06      2.83694e-06      1.47702e-06
1297      0.00190593      0.00472967      0.000119995      8.13705e-05      4.42905e-05      0.0113076      0.000317506      0.000212924      0.000118599      9.03849e-06      6.51109e-06      3.40975e-06      4.7118e-06      2.46688e-06      1.28061e-06
1316      0.00171889      0.00429519      0.000106165      7.20295e-05      3.90856e-05      0.0103354      0.000283003      0.000189897      0.000105452      7.88608e-06      5.68251e-06      2.96723e-06      4.1128e-06      2.14696e-06      1.1113e-06
1335      0.00155073      0.00390196      9.39716e-05      6.37904e-05      3.45083e-05      0.00945002      0.000252366      0.000169442      9.38081e-05      6.88422e-06      4.96189e-06      2.58345e-06      3.5917e-06      1.86943e-06      9.64839e-07
1354      0.00139971      0.00354638      8.32363e-05      5.65339e-05      3.04893e-05      0.00864436      0.000225197      0.000151295      8.35088e-05      6.01484e-06      4.33631e-06      2.25124e-06      3.13921e-06      1.62915e-06      8.38409e-07
1373      0.00126379      0.00322424      7.3759e-05      5.0125e-05      2.69503e-05      0.00790996      0.000201041      0.000135154      7.43743e-05      5.25792e-06      3.79145e-06      1.96271e-06      2.74501e-06      1.42042e-06      7.28886e-07
1392      0.00114148      0.00293241      6.53945e-05      4.4466e-05      2.38349e-05      0.00724053      0.000179569      0.000120798      6.62745e-05      4.59913e-06      3.31706e-06      1.71221e-06      2.40172e-06      1.23916e-06      6.34053e-07
1411      0.00103143      0.00266805      5.80125e-05      3.94693e-05      2.10925e-05      0.00663028      0.000160481      0.000108031      5.90921e-05      4.0258e-06      2.90407e-06      1.49476e-06      2.1028e-06      1.0818e-06      5.51956e-07
1430      0.000932232      0.00242816      5.14819e-05      3.50468e-05      1.86723e-05      0.00607312      0.000143475      9.66497e-05      5.27083e-05      3.52541e-06      2.54351e-06      1.30544e-06      1.84178e-06      9.44775e-07      4.80669e-07
1449      0.000842843      0.00221055      4.57077e-05      3.11346e-05      1.65379e-05      0.00556454      0.00012833      8.65088e-05      4.70369e-05      3.08898e-06      2.22894e-06      1.14074e-06      1.61402e-06      8.2555e-07      4.18819e-07
1468      0.000762302      0.00201315      4.06029e-05      2.7674e-05      1.46556e-05      0.00510029      0.000114844      7.74729e-05      4.19986e-05      2.70838e-06      1.95454e-06      9.97477e-07      1.41531e-06      7.21838e-07      3.65172e-07
1487      0.000689606      0.00183379      3.60794e-05      2.46058e-05      1.29916e-05      0.00467589      0.000102809      6.94042e-05      3.75126e-05      2.37554e-06      1.71451e-06      8.72509e-07      1.24147e-06      6.31362e-07      3.185e-07
1506      0.000623994      0.00167082      3.20711e-05      2.18856e-05      1.15208e-05      0.00428789      9.20677e-05      6.21989e-05      3.35184e-05      2.0845e-06      1.50457e-06      7.63513e-07      1.0894e-06      5.52444e-07      2.77905e-07
1525      0.000564799      0.0015228      2.85214e-05      1.94753e-05      1.02214e-05      0.00393325      8.24865e-05      5.57674e-05      2.99637e-05      1.83019e-06      1.32108e-06      6.6852e-07      9.56482e-07      4.83661e-07      2.42625e-07
1544      0.000511345      0.00138824      2.53741e-05      1.73369e-05      9.07214e-06      0.00360884      7.393e-05      5.00199e-05      2.67964e-05      1.60763e-06      1.16048e-06      5.85609e-07      8.40135e-07      4.23626e-07      2.11917e-07
1563      0.000463035      0.00126581      2.25802e-05      1.54375e-05      8.05431e-06      0.00331187      6.62802e-05      4.48779e-05      2.3971e-05      1.41261e-06      1.01972e-06      5.13141e-07      7.38155e-07      3.71151e-07      1.85151e-07
1582      0.000419367      0.00115441      2.00998e-05      1.37502e-05      7.15279e-06      0.00303996      5.94398e-05      4.02768e-05      2.14502e-05      1.24168e-06      8.96327e-07      4.49793e-07      6.48758e-07      3.25282e-07      1.6182e-07
1601      0.000379894      0.00105302      1.78975e-05      1.22512e-05      6.35424e-06      0.00279097      5.33224e-05      3.61591e-05      1.92008e-05      1.09186e-06      7.88158e-07      3.94414e-07      5.70388e-07      2.85184e-07      1.4148e-07
1620      0.00034422      0.000960777      1.59426e-05      1.09197e-05      5.64708e-06      0.00256298      4.78526e-05      3.24746e-05      1.7194e-05      9.60581e-07      6.93361e-07      3.46019e-07      5.01706e-07      2.50144e-07      1.23757e-07
1639      0.00031195      0.000876769      1.42052e-05      9.73567e-06      5.02006e-06      0.00235406      4.29561e-05      2.91739e-05      1.54015e-05      8.45374e-07      6.10164e-07      3.03663e-07      4.41431e-07      2.19479e-07      1.08289e-07
1658      0.000282743      0.000800225      1.26599e-05      8.68191e-06      4.46367e-06      0.00216252      3.85698e-05      2.62149e-05      1.37992e-05      7.44188e-07      5.37087e-07      2.66562e-07      3.88489e-07      1.9262e-07      9.47786e-08
1677      0.000256305      0.00073047      1.12853e-05      7.7439e-06      3.96985e-06      0.00198687      3.46396e-05      2.35616e-05      1.23667e-05      6.55294e-07      4.72883e-07      2.34055e-07      3.41978e-07      1.6909e-07      8.29747e-08
1696      0.000232369      0.00066689      1.00622e-05      6.90874e-06      3.53146e-06      0.00182578      3.11171e-05      2.11817e-05      1.10854e-05      5.77177e-07      4.1646e-07      2.05566e-07      3.01107e-07      1.4847e-07      7.26596e-08
1715      0.000210695      0.000608928      8.97356e-06      6.16497e-06      3.14219e-06      0.00167799      2.79593e-05      1.90466e-05      9.9393e-06      5.0851e-07      3.66862e-07      1.80593e-07      2.65184e-07      1.30398e-07      6.36431e-08
1734      0.000191066      0.000556076      8.00445e-06      5.50241e-06      2.79643e-06      0.00154238      2.51275e-05      1.71304e-05      8.9137e-06      4.48133e-07      3.23252e-07      1.58694e-07      2.33601e-07      1.14553e-07      5.57597e-08
1753      0.000173285      0.000507875      7.14149e-06      4.91205e-06      2.48925e-06      0.00141793      2.25875e-05      1.54103e-05      7.99571e-06      3.95027e-07      2.84894e-07      1.39486e-07      2.05825e-07      1.00657e-07      4.8865e-08
1772      0.000157176      0.000463908      6.37287e-06      4.38589e-06      2.21627e-06      0.00130369      2.03086e-05      1.38658e-05      7.17382e-06      3.48305e-07      2.51149e-07      1.22634e-07      1.81393e-07      8.84678e-08      4.28334e-08
1791      0.000142581      0.000423798      5.68815e-06      3.91687e-06      1.97365e-06      0.00119881      1.82635e-05      1.24787e-05      6.43781e-06      3.07188e-07      2.21454e-07      1.07845e-07      1.59897e-07      7.77733e-08      3.75559e-08
1810      0.00012935      0.000387191      5.0778e-06      3.49851e-06      1.75786e-06      0.00110248      1.64272e-05      1.12322e-05      5.7783e-06      2.70979e-07      1.95305e-07      9.48574e-08      1.40972e-07      6.83834e-08      3.29347e-08
1829      0.000117354      0.000353774      4.53359e-06      3.12526e-06      1.56588e-06      0.00101399      1.47778e-05      1.01117e-05      5.18717e-06      2.3908e-07      1.72271e-07      8.34481e-08      1.24304e-07      6.01366e-08      2.88868e-08
1848      0.000106477      0.000323264      4.04824e-06      2.79217e-06      1.39506e-06      0.000932679      1.32959e-05      9.10429e-06      4.6572e-06      2.10972e-07      1.51977e-07      7.34228e-08      1.09622e-07      5.28919e-08      2.53405e-08
1867      9.66133e-05      0.000295405      3.61531e-06      2.49487e-06      1.24302e-06      0.000857962      1.19644e-05      8.1983e-06      4.18196e-06      1.86198e-07      1.34092e-07      6.46116e-08      9.66868e-08      4.65263e-08      2.22327e-08
1886      8.76666e-05      0.000269963      3.22905e-06      2.22945e-06      1.10768e-06      0.000789289      1.07676e-05      7.38336e-06      3.7557e-06      1.64357e-07      1.18327e-07      5.68656e-08      8.52873e-08      4.09319e-08      1.95087e-08
1905      7.9551e-05      0.000246724      2.88436e-06      1.99246e-06      9.87181e-07      0.000726162      9.6917e-06      6.65016e-06      3.37328e-06      1.45098e-07      1.04428e-07      5.00547e-08      7.52395e-08      3.60143e-08      1.71205e-08
1924      7.21884e-05      0.000225495      2.57671e-06      1.7808e-06      8.79868e-07      0.000668123      8.72427e-06      5.99037e-06      3.03013e-06      1.28111e-07      9.21715e-08      4.40645e-08      6.63815e-08      3.16906e-08      1.50264e-08
1943      6.55082e-05      0.0002061      2.30206e-06      1.59174e-06      7.84282e-07      0.000614756      7.85419e-06      5.39652e-06      2.72215e-06      1.13124e-07      8.13607e-08      3.87951e-08      5.85708e-08      2.78884e-08      1.31897e-08
1962      5.94465e-05      0.000188378      2.05684e-06      1.42284e-06      6.99128e-07      0.000565676      7.07152e-06      4.86192e-06      2.44568e-06      9.99005e-08      7.18234e-08      3.41587e-08      5.16823e-08      2.45442e-08      1.15785e-08
1981      5.39454e-05      0.000172182      1.83784e-06      1.27191e-06      6.23252e-07      0.000520533      6.36733e-06      4.38055e-06      2.19745e-06      8.82293e-08      6.34079e-08      3.00786e-08      4.56062e-08      2.16023e-08      1.01648e-08
2000      4.89527e-05      0.00015738      1.64224e-06      1.13703e-06      5.55634e-07      0.000479005      5.73365e-06      3.94706e-06      1.97453e-06      7.79264e-08      5.59811e-08      2.64872e-08      4.02457e-08      1.90137e-08      8.9241e-09
