m_sq,dd,du,ds,dc,db,uu,us,uc,ub,ss,sc,sb,cc,cb,bb
100      58.7006      107.855      39.7227      29.4397      19.9044      99.4889      55.1825      41.5828      28.716      10.6025      10.9129      6.9715      5.37505      4.93291      2.13953
138      18.6987      35.858      11.38      8.3544      5.6326      34.315      16.4482      12.2551      8.43703      2.69866      2.7818      1.77481      1.36187      1.25489      0.542574
157      11.6979      22.8813      6.76569      4.9441      3.32391      22.2712      9.95568      7.37669      5.06338      1.5212      1.56855      0.998591      0.765977      0.705713      0.304256
176      7.70573      15.3589      4.24681      3.09032      2.07136      15.1838      6.3536      4.68341      3.20459      0.909116      0.937914      0.595695      0.456981      0.420842      0.180864
195      5.26448      10.6846      2.76657      2.00485      1.33927      10.7229      4.20543      3.08414      2.10291      0.565127      0.58321      0.369384      0.283606      0.260872      0.111733
214      3.71893      7.67941      1.8675      1.34812      0.897527      7.81546      2.88153      2.1031      1.42899      0.365113      0.376973      0.238088      0.182997      0.168112      0.0717526
233      2.69438      5.65716      1.2941      0.930729      0.617477      5.83526      2.0257      1.47159      0.99629      0.242616      0.250598      0.157799      0.121468      0.111404      0.047379
252      1.99583      4.25812      0.917969      0.657884      0.434919      4.44879      1.45687      1.05363      0.710735      0.165346      0.170858      0.107257      0.0827087      0.0757171      0.0320857
271      1.50439      3.25987      0.662932      0.473467      0.311857      3.44856      1.06634      0.767809      0.515994      0.114858      0.118725      0.0742895      0.0574088      0.0524419      0.0221411
290      1.15588      2.54206      0.489148      0.348253      0.228593      2.72037      0.796793      0.571406      0.382653      0.0817249      0.0845232      0.0527276      0.0408295      0.0372249      0.0156601
309      0.899538      2.00701      0.365699      0.259561      0.169774      2.17215      0.603115      0.430795      0.287455      0.0589713      0.0610188      0.0379447      0.0294509      0.0267919      0.0112304
328      0.709035      1.60415      0.277211      0.196179      0.127869      1.75504      0.462677      0.329227      0.218905      0.0432027      0.0447252      0.027725      0.0215713      0.0195799      0.00817798
347      0.564984      1.29563      0.212598      0.150029      0.0974483      1.43242      0.358989      0.254508      0.168629      0.0320554      0.0332015      0.0205164      0.0160038      0.0144926      0.00603157
366      0.453905      1.05477      0.164389      0.115685      0.0748714      1.1783      0.280808      0.198358      0.130951      0.0239901      0.024858      0.0153099      0.0119766      0.0108177      0.00448588
385      0.369429      0.869287      0.129142      0.0906576      0.0584833      0.980288      0.222971      0.156993      0.103305      0.0182874      0.0189619      0.011644      0.00913168      0.00823051      0.00340134
404      0.301539      0.718528      0.101559      0.071108      0.0457057      0.818351      0.177309      0.124416      0.0815723      0.0139393      0.0144591      0.00884899      0.00696146      0.00625701      0.00257642
423      0.249175      0.600812      0.0811254      0.0566737      0.0363113      0.690379      0.143084      0.100101      0.0654205      0.0108229      0.0112343      0.00685518      0.00540728      0.00484939      0.00199007
442      0.207026      0.505004      0.0651642      0.0454231      0.0290079      0.585413      0.116099      0.0809851      0.0527552      0.00845281      0.00877985      0.00534122      0.00422506      0.00378017      0.00154602
461      0.172946      0.426686      0.0526492      0.0366212      0.0233098      0.498922      0.0947409      0.0658995      0.0427877      0.00664361      0.00690496      0.00418774      0.00332243      0.00296525      0.0012086
480      0.145254      0.362356      0.0427906      0.0297029      0.018844      0.427301      0.0777576      0.053939      0.0349078      0.00525586      0.00546606      0.00330487      0.00262992      0.0023413      0.000951044
499      0.122601      0.309174      0.0349698      0.0242264      0.0153192      0.367618      0.0641599      0.0443901      0.0286348      0.00418334      0.00435341      0.00262403      0.00209457      0.00185996      0.000752965
518      0.10392      0.26486      0.0287096      0.0198518      0.0125115      0.31751      0.0531772      0.0366987      0.0235962      0.00334634      0.00348455      0.0020938      0.00167663      0.00148494      0.000599108
537      0.0883886      0.227647      0.0236536      0.0163256      0.0102546      0.275124      0.0442294      0.0304486      0.019513      0.00268684      0.0027995      0.00167683      0.00134718      0.00118989      0.000478429
556      0.0756331      0.196762      0.0196381      0.0135315      0.00847258      0.239627      0.0370535      0.0254516      0.0162597      0.00217696      0.00226984      0.00135552      0.00109241      0.000962457      0.000385709
575      0.065048      0.170875      0.0164072      0.011288      0.00704625      0.209631      0.0312275      0.0214056      0.0136339      0.00177679      0.00185402      0.00110402      0.000892387      0.000784362      0.000313329
594      0.0559092      0.148332      0.0136762      0.00939383      0.00584403      0.183397      0.0262691      0.0179677      0.0114064      0.00144508      0.00150882      0.000895578      0.000726414      0.000636656      0.000253456
613      0.0484314      0.129689      0.0115234      0.00790443      0.00490276      0.161471      0.0223194      0.0152383      0.00964535      0.00119089      0.0012444      0.000736564      0.000599205      0.00052394      0.000207928
632      0.0419189      0.11332      0.0096854      0.00663414      0.00410126      0.142143      0.0189256      0.0128963      0.00813666      0.000977789      0.0010224      0.000603261      0.000492447      0.000429385      0.000169831
651      0.0365073      0.0995796      0.00820994      0.00561663      0.00346178      0.125765      0.0161744      0.0110032      0.00692186      0.000811172      0.000848854      0.000499443      0.000408942      0.000355713      0.00014025
670      0.0317388      0.0873792      0.00693339      0.00473702      0.00290978      0.111173      0.0137797      0.0093575      0.00586724      0.000669453      0.000701003      0.000411123      0.000337834      0.000292995      0.000115129
689      0.0278129      0.0772288      0.00592183      0.00404167      0.00247542      0.0988989      0.0118619      0.00804357      0.00502908      0.000560263      0.000587153      0.000343413      0.000283028      0.000244893      9.59337e-05
708      0.0243178      0.0681272      0.0050362      0.00343329      0.0020959      0.087861      0.0101734      0.00688792      0.0042928      0.000466166      0.000488878      0.000285041      0.000235741      0.000203396      7.94133e-05
727      0.0213409      0.0603042      0.00430379      0.00293099      0.0017836      0.0783001      0.00876495      0.00592607      0.00368199      0.000390107      0.000409416      0.000237995      0.00019749      0.000169932      6.61332e-05
746      0.0188151      0.0536053      0.00370146      0.00251859      0.00152815      0.0700442      0.00759624      0.00512971      0.00317809      0.00032902      0.000345587      0.000200336      0.000166746      0.000143131      5.55329e-05
765      0.0165896      0.0476582      0.00318169      0.00216304      0.00130837      0.0626807      0.00658113      0.0044389      0.00274186      0.000277226      0.000291408      0.000168436      0.000140651      0.000120414      4.65716e-05
784      0.0145697      0.0422259      0.00271666      0.00184509      0.00111206      0.0559404      0.00566838      0.00381819      0.0023503      0.000231542      0.000243539      0.000140284      0.000117606      0.000100352      3.86754e-05
803      0.0129209      0.0377422      0.00235294      0.00159697      0.000959717      0.0503061      0.00494599      0.0033284      0.00204304      0.000196862      0.000207232      0.000119044      0.000100102      8.52094e-05      3.27403e-05
822      0.0114697      0.0337663      0.00203982      0.00138356      0.000829012      0.0452835      0.00431989      0.00290443      0.00177768      0.000167537      0.000176503      0.00010111      8.52845e-05      7.24151e-05      2.77396e-05
841      0.0101916      0.030238      0.00177012      0.00119991      0.000716815      0.0408023      0.00377689      0.00253718      0.00154839      0.000142728      0.000150485      8.59614e-05      7.27361e-05      6.16014e-05      2.35247e-05
860      0.00906502      0.0271047      0.00153772      0.00104179      0.000620464      0.0368008      0.00330572      0.0022189      0.00135016      0.000121731      0.000128446      7.31617e-05      6.21045e-05      5.2459e-05      1.99713e-05
879      0.00807146      0.0243206      0.00133737      0.000905588      0.000537695      0.0332254      0.00289669      0.00194291      0.00117871      0.000103955      0.000109772      6.23444e-05      5.30942e-05      4.47279e-05      1.6975e-05
898      0.0071948      0.0218456      0.00116461      0.000788238      0.000466577      0.0300288      0.00254149      0.00170351      0.00103039      8.89023e-05      9.39476e-05      5.32014e-05      4.54561e-05      3.81896e-05      1.44484e-05
917      0.006421      0.0196447      0.0010156      0.000687104      0.000405459      0.0271696      0.00223294      0.00149579      0.000902045      7.61529e-05      8.05346e-05      4.54726e-05      3.89799e-05      3.26594e-05      1.23176e-05
936      0.00573764      0.0176864      0.000887032      0.000599905      0.000352914      0.0246107      0.0019648      0.00131545      0.000790929      6.53495e-05      6.91607e-05      3.89369e-05      3.34863e-05      2.798e-05      1.05199e-05
955      0.00513357      0.0159424      0.00077598      0.000524639      0.000307691      0.0223185      0.00173153      0.00115873      0.000694627      5.6184e-05      5.95044e-05      3.34034e-05      2.88206e-05      2.4016e-05      9.00158e-06
974      0.00459868      0.0143869      0.000679863      0.000459536      0.000268687      0.0202619      0.0015282      0.00102224      0.000610993      4.83904e-05      5.12875e-05      2.87077e-05      2.48488e-05      2.06503e-05      7.71622e-06
993      0.00412394      0.0129962      0.00059644      0.000403065      0.000234951      0.0184128      0.00135048      0.000903041      0.000538156      4.17423e-05      4.42733e-05      2.47102e-05      2.14573e-05      1.77834e-05      6.62456e-06
1012      0.00370151      0.01175      0.000523815      0.000353927      0.000205679      0.0167465      0.0011947      0.000798634      0.000474528      3.60521e-05      3.82653e-05      2.12953e-05      1.85512e-05      1.5333e-05      5.69421e-06
1031      0.00332472      0.0106305      0.000460409      0.000311047      0.000180205      0.0152416      0.00105776      0.000706921      0.000418784      3.11665e-05      3.31028e-05      1.83688e-05      1.60534e-05      1.32319e-05      4.89877e-06
1050      0.0029879      0.00962295      0.000404915      0.000273532      0.00015798      0.0138798      0.000937096      0.000626158      0.000369825      2.69603e-05      2.86548e-05      1.5854e-05      1.39006e-05      1.14254e-05      4.21684e-06
1069      0.00268625      0.00871432      0.000356243      0.000240641      0.000138548      0.0126452      0.000830551      0.000554884      0.000326733      2.3331e-05      2.48138e-05      1.36881e-05      1.2041e-05      9.86865e-06      3.6309e-06
1088      0.00241564      0.0078936      0.000313478      0.000211751      0.000121527      0.0115241      0.000736304      0.00049187      0.000288735      2.01935e-05      2.14908e-05      1.18192e-05      1.04317e-05      8.52479e-06      3.12655e-06
1107      0.00217253      0.00715123      0.000275848      0.000186338      0.000106596      0.0105047      0.00065281      0.000436071      0.000255178      1.74772e-05      1.86117e-05      1.02044e-05      9.03697e-06      7.36296e-06      2.69179e-06
1126      0.00196186      0.00650237      0.000244175      0.000164958      9.40884e-05      0.00960613      0.000581891      0.00038871      0.000226814      1.5238e-05      1.62377e-05      8.87814e-06      7.88599e-06      6.40834e-06      2.33589e-06
1145      0.00177905      0.00593463      0.000217434      0.000146913      8.35743e-05      0.00881347      0.000521497      0.000348401      0.000202767      1.33836e-05      1.42712e-05      7.7837e-06      6.93192e-06      5.62023e-06      2.04308e-06
1164      0.00160762      0.00539994      0.000192584      0.000130142      7.38111e-05      0.00806588      0.000465177      0.000310807      0.000180358      1.16756e-05      1.24575e-05      6.77513e-06      6.05225e-06      4.89362e-06      1.7736e-06
1183      0.00145097      0.00490848      0.000170254      0.000115072      6.50578e-05      0.00737595      0.000414275      0.000276834      0.000160151      1.01613e-05      1.08481e-05      5.88212e-06      5.27161e-06      4.24998e-06      1.53551e-06
1202      0.00130842      0.00445844      0.000150304      0.000101609      5.72578e-05      0.00674126      0.000368513      0.000246297      0.000142031      8.82806e-06      9.42985e-06      5.09718e-06      4.58361e-06      3.68397e-06      1.32672e-06
1221      0.00118048      0.00405163      0.000132784      8.9787e-05      5.04304e-05      0.00616416      0.00032803      0.000219288      0.000126054      7.67652e-06      8.20417e-06      4.42086e-06      3.98878e-06      3.19608e-06      1.14731e-06
1240      0.00107758      0.00372035      0.000119316      8.07035e-05      4.52227e-05      0.00568713      0.000296471      0.000198248      0.000113697      6.81694e-06      7.29004e-06      3.91983e-06      3.54438e-06      2.83453e-06      1.01508e-06
1259      0.000975672      0.00339185      0.000105928      7.16691e-05      4.00367e-05      0.0052155      0.000265104      0.000177325      0.000101392      5.96317e-06      6.38033e-06      3.42068e-06      3.10261e-06      2.47419e-06      8.83342e-07
1278      0.000881389      0.00308627      9.3726e-05      6.34344e-05      3.53196e-05      0.00477525      0.000236361      0.000158151      9.0139e-05      5.19471e-06      5.56075e-06      2.97191e-06      2.70461e-06      2.1501e-06      7.65153e-07
1297      0.000796377      0.00280881      8.29555e-05      5.61651e-05      3.11688e-05      0.00437318      0.000210804      0.000141103      8.01636e-05      4.52725e-06      4.84847e-06      2.58309e-06      2.35861e-06      1.8692e-06      6.63044e-07
1316      0.000728736      0.00258511      7.47752e-05      5.0645e-05      2.80411e-05      0.00404384      0.000191102      0.000127965      7.25352e-05      4.03526e-06      4.32396e-06      2.29879e-06      2.10338e-06      1.66376e-06      5.88788e-07
1335      0.000660251      0.00235861      6.64304e-05      4.50111e-05      2.48429e-05      0.00371184      0.000171033      0.000114575      6.47449e-05      3.53265e-06      3.78704e-06      2.00728e-06      1.84243e-06      1.45304e-06      5.12618e-07
1354      0.000596374      0.00214624      5.8758e-05      3.98301e-05      2.19078e-05      0.00339952      0.000152482      0.000102196      5.75565e-05      3.07608e-06      3.29886e-06      1.74279e-06      1.60519e-06      1.26177e-06      4.43658e-07
1373      0.000545668      0.00197533      5.2948e-05      3.59065e-05      1.97027e-05      0.0031441      0.000138216      9.26768e-05      5.20722e-05      2.74072e-06      2.94063e-06      1.55012e-06      1.43081e-06      1.12243e-06      3.93713e-07
1392      0.000495738      0.00180681      4.72179e-05      3.20353e-05      1.75253e-05      0.00289272      0.000124141      8.32816e-05      4.66546e-05      2.4105e-06      2.58734e-06      1.35997e-06      1.25898e-06      9.8486e-07      3.4443e-07
1411      0.000448215      0.00164573      4.18193e-05      2.8387e-05      1.5476e-05      0.00265201      0.000110826      7.43906e-05      4.15343e-05      2.10235e-06      2.2573e-06      1.1826e-06      1.09851e-06      8.56493e-07      2.98541e-07
1430      0.000410176      0.00151506      3.76881e-05      2.55944e-05      1.39194e-05      0.00245369      0.000100482      6.74819e-05      3.75857e-05      1.87331e-06      2.01222e-06      1.05181e-06      9.79167e-07      7.61834e-07      2.64897e-07
1449      0.000373095      0.00138744      3.36647e-05      2.28737e-05      1.24024e-05      0.00226015      9.03969e-05      6.07437e-05      3.37331e-05      1.6509e-06      1.77391e-06      9.24605e-07      8.6321e-07      6.6974e-07      2.32189e-07
1468      0.00033731      0.00126383      2.98132e-05      2.02682e-05      1.09512e-05      0.00207252      8.07088e-05      5.42683e-05      3.00341e-05      1.43976e-06      1.54741e-06      8.03846e-07      7.53041e-07      5.82288e-07      2.01189e-07
1487      0.000309577      0.00116656      2.69756e-05      1.83478e-05      9.89101e-06      0.00192218      7.34467e-05      4.94122e-05      2.72845e-05      1.28914e-06      1.38605e-06      7.18511e-07      6.74429e-07      5.20495e-07      1.79427e-07
1506      0.000281277      0.00106736      2.40569e-05      1.63718e-05      8.79794e-06      0.00176951      6.59908e-05      4.44248e-05      2.44547e-05      1.13385e-06      1.21939e-06      6.30222e-07      5.93325e-07      4.56539e-07      1.56898e-07
1525      0.000253974      0.000971273      2.12677e-05      1.44827e-05      7.75446e-06      0.00162143      5.88369e-05      3.96375e-05      2.17418e-05      9.8682e-07      1.06144e-06      5.46672e-07      5.16482e-07      3.96001e-07      1.35619e-07
1544      0.000234144      0.000900155      1.93638e-05      1.31923e-05      7.04949e-06      0.00150926      5.38474e-05      3.62959e-05      1.98692e-05      8.90261e-07      9.57926e-07      4.92466e-07      4.6602e-07      3.56738e-07      1.21925e-07
1563      0.000212147      0.000821675      1.72016e-05      1.17265e-05      6.24488e-06      0.00138679      4.82216e-05      3.25275e-05      1.77468e-05      7.79361e-07      8.38719e-07      4.29775e-07      4.08011e-07      3.11306e-07      1.06048e-07
1582      0.000194343      0.000757309      1.55226e-05      1.05876e-05      5.6242e-06      0.00128484      4.37877e-05      2.95551e-05      1.60849e-05      6.95544e-07      7.48705e-07      3.82756e-07      3.64163e-07      2.77236e-07      9.42092e-08
1601      0.000177056      0.000694672      1.38963e-05      9.48398e-06      5.02282e-06      0.00118565      3.94864e-05      2.66706e-05      1.44721e-05      6.14648e-07      6.61731e-07      3.37328e-07      3.21823e-07      2.44311e-07      8.27785e-08
1620      0.000159816      0.000632061      1.22814e-05      8.38766e-06      4.4257e-06      0.00108656      3.5205e-05      2.37983e-05      1.28666e-05      5.34803e-07      5.75788e-07      2.9247e-07      2.80006e-07      2.11792e-07      7.15065e-08
1639      0.000147632      0.000586889      1.12122e-05      7.66096e-06      4.03455e-06      0.00101325      3.23031e-05      2.18489e-05      1.17899e-05      4.84028e-07      5.21266e-07      2.64318e-07      2.53429e-07      1.91396e-07      6.44956e-08
1658      0.000133596      0.000535222      9.94453e-06      6.79946e-06      3.56817e-06      0.000930484      2.88946e-05      1.95594e-05      1.05178e-05      4.22966e-07      4.55511e-07      2.30191e-07      2.21433e-07      1.66655e-07      5.59686e-08
1677      0.000122973      0.000495441      9.03416e-06      6.18012e-06      3.23606e-06      0.000865472      2.6399e-05      1.78811e-05      9.59417e-06      3.8055e-07      4.09912e-07      2.06731e-07      1.99218e-07      1.49656e-07      5.01509e-08
1696      0.000111631      0.0004531      8.04818e-06      5.50926e-06      2.8752e-06      0.000796768      2.37081e-05      1.60713e-05      8.59494e-06      3.34322e-07      3.60117e-07      1.81041e-07      1.74986e-07      1.31033e-07      4.37705e-08
1715      0.000102305      0.000417836      7.26734e-06      4.9775e-06      2.59111e-06      0.000738749      2.15464e-05      1.46158e-05      7.7968e-06      2.98613e-07      3.21685e-07      1.61339e-07      1.56274e-07      1.16756e-07      3.89052e-08
1734      9.32453e-05      0.000383504      6.51101e-06      4.46225e-06      2.31587e-06      0.000682256      1.9449e-05      1.32031e-05      7.02217e-06      2.64146e-07      2.84557e-07      1.42307e-07      1.38206e-07      1.02962e-07      3.42089e-08
1753      8.49432e-05      0.000351823      5.83085e-06      3.99858e-06      2.069e-06      0.000629816      1.75483e-05      1.19219e-05      6.32189e-06      2.33587e-07      2.51632e-07      1.25485e-07      1.22184e-07      9.07702e-08      3.00716e-08
1772      7.7869e-05      0.000324563      5.2663e-06      3.61345e-06      1.86489e-06      0.000584231      1.59543e-05      1.08465e-05      5.73684e-06      2.08654e-07      2.24781e-07      1.11822e-07      1.09116e-07      8.08714e-08      2.67248e-08
1791      7.01547e-05      0.000294907      4.64466e-06      3.18927e-06      1.63963e-06      0.000534965      1.4204e-05      9.66544e-06      5.09278e-06      1.81136e-07      1.95093e-07      9.66933e-08      9.46814e-08      6.99056e-08      2.30169e-08
1810      6.50194e-05      0.000274676      4.25933e-06      2.92594e-06      1.50163e-06      0.000500352      1.30889e-05      8.91148e-06      4.68718e-06      1.64816e-07      1.77543e-07      8.7857e-08      8.61353e-08      6.35083e-08      2.08741e-08
1829      5.86045e-05      0.000249692      3.75932e-06      2.58435e-06      1.32125e-06      0.000458372      1.16615e-05      7.94695e-06      4.16415e-06      1.4321e-07      1.54229e-07      7.60393e-08      7.48026e-08      5.49446e-08      1.79943e-08
1848      5.42877e-05      0.00023247      3.44523e-06      2.36943e-06      1.20922e-06      0.000428594      1.07404e-05      7.32327e-06      3.83037e-06      1.30208e-07      1.40241e-07      6.9032e-08      6.7995e-08      4.98729e-08      1.63043e-08
1867      4.89334e-05      0.000211345      3.04135e-06      2.09317e-06      1.06416e-06      0.000392693      9.57143e-06      6.53222e-06      3.4038e-06      1.13168e-07      1.21851e-07      5.97597e-08      5.90591e-08      4.31557e-08      1.40577e-08
1886      4.53272e-05      0.000196768      2.78718e-06      1.91904e-06      9.73889e-07      0.000367203      8.81572e-06      6.01973e-06      3.13102e-06      1.0289e-07      1.10794e-07      5.42491e-08      5.36803e-08      3.91688e-08      1.27364e-08
1905      4.08364e-05      0.00017882      2.45917e-06      1.6944e-06      8.56593e-07      0.000336358      7.85323e-06      5.36743e-06      2.7812e-06      8.93738e-08      9.62039e-08      4.69319e-08      4.65942e-08      3.38697e-08      1.09737e-08
1924      3.78439e-05      0.000166557      2.2551e-06      1.55442e-06      7.84443e-07      0.000314659      7.23766e-06      4.94932e-06      2.55994e-06      8.13194e-08      8.75388e-08      4.26369e-08      4.23814e-08      3.07638e-08      9.95003e-09
1943      3.4057e-05      0.000151227      1.98709e-06      1.37064e-06      6.8901e-07      0.000288021      6.44041e-06      4.40819e-06      2.27131e-06      7.05288e-08      7.58906e-08      3.68253e-08      3.67268e-08      2.65567e-08      8.55803e-09
1962      3.15905e-05      0.000140976      1.82453e-06      1.25898e-06      6.31807e-07      0.00026965      5.94259e-06      4.06952e-06      2.09315e-06      6.42701e-08      6.91587e-08      3.35074e-08      3.34559e-08      2.41588e-08      7.77221e-09
1981      2.83799e-05      0.000127813      1.60424e-06      1.10774e-06      5.53696e-07      0.000246527      5.27831e-06      3.61797e-06      1.85359e-06      5.56022e-08      5.98018e-08      2.8863e-08      2.89162e-08      2.07982e-08      6.66618e-09
2000      2.63599e-05      0.000119293      1.47569e-06      1.01933e-06      5.08686e-07      0.000231054      4.87844e-06      3.34548e-06      1.71114e-06      5.07776e-08      5.46144e-08      2.63213e-08      2.63972e-08      1.89625e-08      6.0681e-09
