m_sq,dd,du,ds,dc,db,uu,us,uc,ub,ss,sc,sb,cc,cb,bb
100      198.964      326.665      125.799      93.7424      63.7949      328.865      173.065      131.228      91.246      37.9287      35.6543      22.9022      19.3193      16.248      7.75071
138      63.9397      109.334      36.5378      26.9633      18.2963      114.097      52.2574      39.1766      27.1565      9.7715      9.22058      5.91375      4.94958      4.19037      1.98646
157      40.1455      69.9491      21.8363      16.0381      10.8512      74.2544      31.7877      23.6973      16.3769      5.53274      5.22642      3.34443      2.79519      2.36811      1.11821
176      26.5582      47.1354      13.7923      10.0862      6.80335      50.8083      20.4084      15.1349      10.4263      3.32285      3.14492      2.00755      1.67527      1.42076      0.667664
195      18.2089      32.8891      9.02854      6.57431      4.41927      35.9949      13.5716      10.0126      6.87301      2.07348      1.96481      1.25064      1.04334      0.884632      0.413847
214      12.9134      23.7274      6.12728      4.44403      2.97707      26.3315      9.34782      6.86284      4.69426      1.34504      1.27672      0.810323      0.675761      0.572968      0.266733
233      9.38914      17.539      4.26595      3.08218      2.05742      19.7285      6.6017      4.82371      3.28739      0.896897      0.852563      0.53946      0.450003      0.381331      0.176676
252      6.97894      13.247      3.03958      2.1881      1.45536      15.0937      4.76872      3.46846      2.35506      0.613232      0.583748      0.368213      0.307338      0.260227      0.119995
271      5.27633      10.1709      2.20301      1.58019      1.0471      11.7373      3.50286      2.53625      1.71554      0.427088      0.406961      0.255853      0.213834      0.180788      0.0829914
290      4.06851      7.96258      1.63308      1.16757      0.770992      9.29367      2.62944      1.89595      1.27787      0.304871      0.291018      0.182398      0.152546      0.128883      0.058874
309      3.1762      6.30804      1.22563      0.873457      0.574711      7.44611      1.9979      1.43467      0.963448      0.220572      0.210838      0.13172      0.110306      0.093076      0.0423215
328      2.51133      5.05935      0.932568      0.662574      0.434417      6.03677      1.53844      1.10039      0.736316      0.162005      0.155075      0.0965741      0.0809877      0.0682478      0.0308901
347      2.00705      4.10006      0.717718      0.508425      0.332173      4.94337      1.19787      0.853528      0.56909      0.120486      0.115486      0.0716892      0.0602172      0.0506695      0.022831
366      1.61652      3.34714      0.556458      0.393036      0.255848      4.07829      0.939543      0.666923      0.443038      0.0903292      0.0866597      0.0536145      0.0451369      0.0379011      0.0170061
385      1.32005      2.76993      0.439015      0.309288      0.200676      3.40534      0.7492      0.53002      0.350937      0.0690496      0.066373      0.0409414      0.0345076      0.028951      0.0129287
404      1.0798      2.29506      0.345948      0.243049      0.157117      2.85026      0.597024      0.420844      0.277623      0.0526987      0.0506893      0.0311598      0.0263366      0.02204      0.00980348
423      0.895098      1.92679      0.277445      0.194463      0.125304      2.41294      0.483698      0.339898      0.223502      0.0410215      0.0395316      0.024229      0.0205073      0.0171443      0.00759073
442      0.745795      1.62538      0.223619      0.156372      0.100429      2.05264      0.393822      0.275892      0.180819      0.0321075      0.0309908      0.0189363      0.0160568      0.0134047      0.00590889
461      0.624674      1.37796      0.18123      0.126444      0.0809377      1.75469      0.322373      0.225163      0.147084      0.0252838      0.0244398      0.0148872      0.0126496      0.0105429      0.00462753
480      0.525987      1.17407      0.147726      0.102844      0.0656128      1.50721      0.265369      0.184814      0.120329      0.0200385      0.0193967      0.0117786      0.0100302      0.00834529      0.00364749
499      0.44505      1.00498      0.121063      0.0841065      0.0534806      1.30039      0.219584      0.152503      0.0989668      0.0159765      0.015486      0.0093746      0.00800146      0.00664523      0.00289236
518      0.378108      0.863567      0.0996437      0.0690856      0.0437828      1.12619      0.182469      0.126386      0.081748      0.0127993      0.012422      0.00749621      0.00641418      0.00531642      0.00230457
537      0.322273      0.744285      0.0822727      0.0569291      0.035956      0.978294      0.152104      0.105076      0.0677375      0.0102897      0.00999718      0.00601355      0.00515991      0.00426713      0.00184243
556      0.276436      0.645449      0.0685019      0.0473159      0.0297889      0.854444      0.127796      0.0880735      0.0565983      0.0083514      0.00812641      0.00487356      0.00419111      0.00346014      0.0014878
575      0.238367      0.562577      0.0574181      0.0395951      0.0248516      0.749672      0.108055      0.0743043      0.0476059      0.00682968      0.00665745      0.0039811      0.00343027      0.00282814      0.00121089
594      0.20525      0.489557      0.0479425      0.0330027      0.020643      0.65731      0.091061      0.0624715      0.0398907      0.00555979      0.00542466      0.00323335      0.00279473      0.00229828      0.000980306
613      0.178259      0.429614      0.0405302      0.0278598      0.0173739      0.580395      0.077628      0.0531512      0.0338397      0.00459104      0.00448785      0.00266746      0.00230987      0.00189717      0.00080579
632      0.154575      0.376358      0.034129      0.023423      0.0145582      0.512057      0.0659515      0.0450619      0.0285959      0.00377333      0.00369248      0.00218774      0.00190018      0.00155692      0.000658755
651      0.134943      0.331875      0.0290175      0.0198885      0.0123241      0.454274      0.0565361      0.0385592      0.0243972      0.003136      0.00307418      0.00181624      0.00158076      0.00129333      0.000544966
670      0.117504      0.291867      0.0245403      0.0167955      0.0103718      0.402353      0.0482383      0.0328359      0.0207067      0.00258993      0.00254114      0.00149641      0.00130677      0.00106624      0.000447627
689      0.103224      0.258904      0.0210281      0.0143753      0.00885138      0.358906      0.04166      0.0283137      0.0178042      0.00217173      0.00213488      0.00125374      0.00109688      0.000893878      0.000373706
708      0.0904038      0.228944      0.0179132      0.0122305      0.00750571      0.319489      0.0357922      0.0242844      0.0152213      0.00180857      0.00177981      0.00104192      0.000914401      0.000743321      0.000309601
727      0.0794846      0.203211      0.0153399      0.0104617      0.00639971      0.285339      0.0309031      0.020935      0.0130811      0.00151522      0.00149308      0.000871417      0.000766892      0.000622068      0.000258105
746      0.0702348      0.181246      0.0132314      0.009015      0.00549846      0.255886      0.0268608      0.0181724      0.0113224      0.00128013      0.00126365      0.000735473      0.000648599      0.000525345      0.000217096
765      0.0620454      0.161598      0.0113991      0.00775909      0.00471774      0.229483      0.0233249      0.0157593      0.00978926      0.00107998      0.00106762      0.000619553      0.000547784      0.000442816      0.000182286
784      0.0545434      0.143377      0.00973659      0.00662019      0.00401058      0.205079      0.0200999      0.0135602      0.00839354      0.000902006      0.000892095      0.000515885      0.000458021      0.000368955      0.000151364
803      0.0484754      0.128575      0.00845689      0.0057457      0.00347065      0.184862      0.0175884      0.0118531      0.00731613      0.000768172      0.000761075      0.000438912      0.00039049      0.000314092      0.000128344
822      0.0431182      0.115386      0.00735043      0.00499034      0.00300542      0.166777      0.015402      0.0103691      0.00638168      0.000654714      0.000649732      0.000373652      0.000333181      0.000267549      0.000108898
841      0.0383859      0.103629      0.00639368      0.0043378      0.00260453      0.150591      0.0134984      0.0090787      0.00557114      0.00055851      0.000555114      0.000318329      0.000284537      0.000228069      9.24724e-05
860      0.0342038      0.0931468      0.00556634      0.00377407      0.00225912      0.136096      0.0118407      0.00795654      0.00486804      0.000476927      0.000474715      0.000271438      0.000243242      0.000194586      7.85972e-05
879      0.0305068      0.0837989      0.00485096      0.00328707      0.00196152      0.12311      0.0103972      0.00698065      0.00425817      0.000407738      0.00040641      0.000231703      0.000208185      0.000166196      6.68778e-05
898      0.0272379      0.0754624      0.00423248      0.00286643      0.00170518      0.111472      0.0091404      0.00613202      0.00372923      0.000349064      0.000348392      0.000198042      0.000178423      0.000142132      5.69811e-05
917      0.0243472      0.068028      0.00369789      0.00250316      0.00148444      0.101041      0.00804622      0.00539411      0.00327057      0.000299308      0.000299124      0.000169535      0.000153158      0.00012174      4.86252e-05
936      0.0217903      0.0613974      0.00323577      0.00218939      0.00129433      0.0916877      0.00709354      0.00475239      0.0028728      0.000257104      0.000257282      0.000145392      0.000131705      0.000104459      4.15689e-05
955      0.0195266      0.0554792      0.00283594      0.00191814      0.00113045      0.0832946      0.00626333      0.00419379      0.00252752      0.000221267      0.000221711      0.000124924      0.000113469      8.98004e-05      3.5604e-05
974      0.0175191      0.0501881      0.0024893      0.00168314      0.000988897      0.0757512      0.00553841      0.00370654      0.00222719      0.000190766      0.000191399      0.000107531      9.79317e-05      7.73369e-05      3.05498e-05
993      0.0157345      0.0454463      0.00218787      0.00147892      0.000866238      0.0689564      0.00490359      0.00328025      0.00196515      0.000164721      0.000165482      9.27001e-05      8.46499e-05      6.67037e-05      2.62531e-05
1012      0.0141437      0.0411852      0.00192489      0.00130086      0.000759592      0.0628209      0.00434589      0.00290607      0.00173578      0.000142403      0.000143242      8.00078e-05      7.32562e-05      5.75986e-05      2.2587e-05
1031      0.0127221      0.0373463      0.00169475      0.00114512      0.000666575      0.0572679      0.00385448      0.00257663      0.00153437      0.000123215      0.000124093      6.91086e-05      6.34501e-05      4.97754e-05      1.94486e-05
1050      0.0114488      0.0338798      0.00149282      0.00100854      0.000585227      0.0522315      0.00342035      0.00228581      0.00135704      0.000106674      0.000107558      5.97225e-05      5.4987e-05      4.30345e-05      1.67544e-05
1069      0.010306      0.0307436      0.00131526      0.000888491      0.000513927      0.0476551      0.003036      0.0020285      0.00120057      9.23806e-05      9.32472e-05      5.16207e-05      4.76662e-05      3.7213e-05      1.44364e-05
1088      0.00927879      0.0279013      0.00115885      0.00078278      0.000451319      0.04349      0.00269511      0.00180042      0.00106225      8.00075e-05      8.08391e-05      4.4615e-05      4.1322e-05      3.21763e-05      1.24383e-05
1107      0.008354      0.0253218      0.00102086      0.000689559      0.000396266      0.0396938      0.00239231      0.00159794      0.000939789      6.92808e-05      7.00651e-05      3.85485e-05      3.5816e-05      2.78126e-05      1.07138e-05
1126      0.00755512      0.0230793      0.000905395      0.000611595      0.000350421      0.0363575      0.00213661      0.00142712      0.000836898      6.04696e-05      6.12342e-05      3.35961e-05      3.12886e-05      2.42485e-05      9.30718e-06
1145      0.00686393      0.0211275      0.000808424      0.00054615      0.00031209      0.0334228      0.00192005      0.00128253      0.000750152      5.31958e-05      5.39581e-05      2.95307e-05      2.75475e-05      2.13216e-05      8.15353e-06
1164      0.00621073      0.0192654      0.000717201      0.000484576      0.00027606      0.030633      0.00171557      0.001146      0.00066831      4.64472e-05      4.71666e-05      2.57396e-05      2.40731e-05      1.85908e-05      7.08408e-06
1183      0.00561165      0.0175432      0.00063479      0.000428952      0.000243587      0.0280481      0.00152976      0.00102196      0.000594113      4.04463e-05      4.11103e-05      2.23664e-05      2.09804e-05      1.61599e-05      6.13638e-06
1202      0.0050649      0.0159585      0.000560873      0.000379068      0.000214541      0.0256626      0.00136203      0.000910015      0.00052732      3.51515e-05      3.57551e-05      1.93912e-05      1.82488e-05      1.40149e-05      5.30359e-06
1221      0.00457369      0.0145238      0.000495915      0.000335236      0.000189102      0.0234909      0.00121352      0.000810934      0.000468387      3.05773e-05      3.11254e-05      1.68271e-05      1.58867e-05      1.21654e-05      4.5879e-06
1240      0.00418398      0.0133823      0.000447104      0.00030232      0.000170137      0.0217201      0.0011004      0.000735525      0.000423855      2.72087e-05      2.7749e-05      1.49697e-05      1.41456e-05      1.08252e-05      4.06747e-06
1259      0.00379248      0.012223      0.000397447      0.000268816      0.000150809      0.019944      0.000985304      0.000658761      0.000378464      2.38166e-05      2.43119e-05      1.30767e-05      1.23908e-05      9.45879e-06      3.5418e-06
1278      0.00342869      0.0111366      0.000351904      0.000238084      0.00013312      0.0182782      0.000879153      0.000587961      0.000336684      2.07526e-05      2.11973e-05      1.13651e-05      1.08043e-05      8.22276e-06      3.06855e-06
1297      0.00310035      0.0101484      0.000311672      0.000210936      0.000117544      0.016755      0.00078468      0.000524955      0.000299621      1.80907e-05      1.84896e-05      9.88168e-06      9.42465e-06      7.15113e-06      2.65962e-06
1316      0.0028429      0.00937142      0.00028185      0.000190819      0.00010609      0.0155256      0.000713631      0.000477596      0.000271973      1.61567e-05      1.65426e-05      8.82257e-06      8.42157e-06      6.38588e-06      2.3665e-06
1335      0.00257805      0.0085633      0.000250633      0.00016975      9.40724e-05      0.0142661      0.000639341      0.000428048      0.000242992      1.41505e-05      1.44987e-05      7.70888e-06      7.38013e-06      5.58083e-06      2.06117e-06
1354      0.00232988      0.00779957      0.000221742      0.000150246      8.29719e-05      0.0130753      0.000570199      0.000381926      0.00021607      1.23214e-05      1.26291e-05      6.69246e-06      6.42981e-06      4.84582e-06      1.78376e-06
1373      0.00213574      0.00720009      0.000200391      0.000135833      7.48339e-05      0.0121157      0.000518326      0.000347332      0.000196035      1.09973e-05      1.12898e-05      5.96959e-06      5.74142e-06      4.32303e-06      1.58576e-06
1392      0.00194229      0.00659701      0.00017892      0.000121334      6.664e-05      0.0111598      0.000466137      0.000312511      0.000175851      9.67823e-06      9.94344e-06      5.24237e-06      5.05515e-06      3.7969e-06      1.38807e-06
1411      0.00175693      0.00601406      0.000158494      0.000107535      5.88542e-05      0.0102381      0.000416264      0.000279225      0.000156583      8.44051e-06      8.67425e-06      4.55795e-06      4.41065e-06      3.30156e-06      1.20301e-06
1430      0.00161055      0.00555179      0.000143207      9.72062e-05      5.30707e-05      0.00948884      0.000378383      0.000253942      0.000142059      7.53274e-06      7.7522e-06      4.06421e-06      3.9377e-06      2.9442e-06      1.06912e-06
1449      0.00146639      0.00509253      0.00012807      8.69752e-05      4.73401e-05      0.00875013      0.000340831      0.000228867      0.000127648      6.64248e-06      6.84089e-06      3.5761e-06      3.47356e-06      2.59079e-06      9.37654e-07
1468      0.00132621      0.0046419      0.000113416      7.70666e-05      4.17969e-05      0.00802814      0.000304332      0.000204487      0.000113652      5.79184e-06      5.96562e-06      3.10791e-06      3.02974e-06      2.25171e-06      8.1227e-07
1487      0.00121939      0.00429725      0.000102914      6.99633e-05      3.78579e-05      0.00745934      0.000277732      0.000186713      0.000103538      5.19501e-06      5.3588e-06      2.78592e-06      2.71825e-06      2.01853e-06      7.25693e-07
1506      0.00110874      0.00393686      9.18482e-05      6.24752e-05      3.36976e-05      0.00687303      0.000249747      0.000168006      9.28713e-05      4.57073e-06      4.71699e-06      2.4448e-06      2.39219e-06      1.7714e-06      6.34756e-07
1525      0.00100125      0.00358365      8.11679e-05      5.52453e-05      2.9687e-05      0.00630005      0.000222614      0.000149862      8.25399e-05      3.97636e-06      4.10318e-06      2.1191e-06      2.08154e-06      1.53537e-06      5.484e-07
1544      0.000925001      0.00333245      7.41526e-05      5.04936e-05      2.708e-05      0.00587627      0.000204418      0.000137686      7.56831e-05      3.59487e-06      3.71578e-06      1.91558e-06      1.88216e-06      1.38794e-06      4.94087e-07
1563      0.00083842      0.00304409      6.58789e-05      4.48879e-05      2.39898e-05      0.00540248      0.000183098      0.000123416      6.76077e-05      3.14674e-06      3.25286e-06      1.67137e-06      1.64774e-06      1.21093e-06      4.2968e-07
1582      0.000769148      0.00281214      5.95756e-05      4.06146e-05      2.16512e-05      0.00501265      0.000166618      0.000112377      6.14064e-05      2.81193e-06      2.90983e-06      1.49161e-06      1.47257e-06      1.08067e-06      3.82205e-07
1601      0.000701306      0.00258318      5.33852e-05      3.64161e-05      1.93538e-05      0.00463003      0.000150405      0.000101514      5.53032e-05      2.48607e-06      2.57382e-06      1.31555e-06      1.302e-06      9.53041e-07      3.35979e-07
1620      0.000633009      0.00235057      4.7152e-05      3.21867e-05      1.7041e-05      0.00424392      0.000134032      9.05377e-05      4.914e-05      2.1619e-06      2.23749e-06      1.13949e-06      1.1322e-06      8.25383e-07      2.90044e-07
1639      0.000585948      0.00218979      4.31907e-05      2.94964e-05      1.55871e-05      0.00396552      0.000123389      8.33946e-05      4.51764e-05      1.96074e-06      2.03251e-06      1.03333e-06      1.02689e-06      7.48452e-07      2.62162e-07
1658      0.000530317      0.00199773      3.82965e-05      2.61721e-05      1.37803e-05      0.00364286      0.000110351      7.46444e-05      4.02925e-05      1.71279e-06      1.77514e-06      8.99355e-07      8.96951e-07      6.51309e-07      2.27408e-07
1677      0.000488961      0.00185425      3.48827e-05      2.38512e-05      1.25308e-05      0.00339398      0.000101084      6.8418e-05      3.68503e-05      1.54355e-06      1.60169e-06      8.09848e-07      8.08294e-07      5.86438e-07      2.04108e-07
1696      0.00044403      0.00169699      3.10804e-05      2.12656e-05      1.11345e-05      0.00312624      9.08036e-05      6.15095e-05      3.30188e-05      1.35598e-06      1.40702e-06      7.0912e-07      7.09955e-07      5.13402e-07      1.78121e-07
1715      0.000407434      0.00156808      2.81163e-05      1.92483e-05      1.00526e-05      0.00290229      8.26759e-05      5.60421e-05      3.00072e-05      1.21248e-06      1.25911e-06      6.33071e-07      6.3474e-07      4.58277e-07      1.58496e-07
1734      0.000371607      0.00144094      2.52089e-05      1.72688e-05      8.99107e-06      0.0026825      7.46893e-05      5.06674e-05      2.70469e-05      1.0729e-06      1.11442e-06      5.5869e-07      5.61555e-07      4.04353e-07      1.39407e-07
1753      0.000338748      0.00132343      2.25932e-05      1.54867e-05      8.03866e-06      0.00247825      6.74464e-05      4.57895e-05      2.43692e-05      9.49159e-07      9.86121e-07      4.92952e-07      4.96662e-07      3.56698e-07      1.22593e-07
1772      0.000310886      0.00122318      2.04386e-05      1.40177e-05      7.25714e-06      0.00230162      6.14209e-05      4.1728e-05      2.21498e-05      8.48639e-07      8.82235e-07      4.3994e-07      4.43962e-07      3.18277e-07      1.09049e-07
1791      0.000280004      0.00111104      1.8007e-05      1.23595e-05      6.37338e-06      0.00210738      5.46331e-05      3.71515e-05      1.9644e-05      7.36105e-07      7.6469e-07      3.79881e-07      3.84916e-07      2.74733e-07      9.38335e-08
1810      0.000260027      0.00103816      1.65676e-05      1.13764e-05      5.85633e-06      0.00197487      5.05074e-05      3.43647e-05      1.81384e-05      6.71176e-07      6.98247e-07      3.46335e-07      3.50904e-07      2.50439e-07      8.52775e-08
1829      0.000234307      0.00094344      1.46081e-05      1.00384e-05      5.14734e-06      0.00180908      4.49608e-05      3.06198e-05      1.60995e-05      5.82726e-07      6.05777e-07      2.99343e-07      3.04497e-07      2.16376e-07      7.34479e-08
1848      0.000217463      0.000881067      1.34295e-05      9.23247e-06      4.72572e-06      0.0016947      4.15373e-05      2.83038e-05      1.48549e-05      5.30865e-07      5.52602e-07      2.72631e-07      2.77335e-07      1.97037e-07      6.66835e-08
1867      0.000195958      0.000800745      1.18433e-05      8.14801e-06      4.15438e-06      0.00155264      3.69848e-05      2.52254e-05      1.31884e-05      4.61025e-07      4.79522e-07      2.35693e-07      2.40698e-07      1.70269e-07      5.74446e-08
1886      0.000181853      0.000747741      1.08866e-05      7.49295e-06      3.81359e-06      0.00145448      3.41666e-05      2.3316e-05      1.2168e-05      4.1996e-07      4.37363e-07      2.14627e-07      2.19198e-07      1.55022e-07      5.21466e-08
1905      0.000163781      0.000679272      9.59509e-06      6.60889e-06      3.35048e-06      0.00133216      3.04084e-05      2.07709e-05      1.07978e-05      3.64486e-07      3.79259e-07      1.85414e-07      1.90105e-07      1.3386e-07      4.48881e-08
1924      0.000152059      0.000634565      8.82548e-06      6.08126e-06      3.07759e-06      0.00124845      2.81081e-05      1.92099e-05      9.96845e-06      3.32271e-07      3.46165e-07      1.68968e-07      1.73249e-07      1.21963e-07      4.07796e-08
1943      0.000136785      0.000575862      7.76721e-06      5.35593e-06      2.69975e-06      0.00114255      2.49857e-05      1.70922e-05      8.83468e-06      2.87914e-07      2.99658e-07      1.4571e-07      1.49996e-07      1.0512e-07      3.50392e-08
1962      0.000127115      0.000538432      7.15366e-06      4.93473e-06      2.48324e-06      0.00107161      2.31239e-05      1.58266e-05      8.16635e-06      2.62874e-07      2.73933e-07      1.33e-07      1.36903e-07      9.59304e-08      3.18845e-08
1981      0.000114135      0.000487814      6.28108e-06      4.33592e-06      2.17303e-06      0.000979425      2.05135e-05      1.40535e-05      7.22225e-06      2.27182e-07      2.36471e-07      1.14363e-07      1.18203e-07      8.24404e-08      2.73159e-08
2000      0.000106214      0.000456694      5.79604e-06      4.00251e-06      2.00273e-06      0.000919655      1.90182e-05      1.30354e-05      6.688e-06      2.07885e-07      2.16658e-07      1.04631e-07      1.08123e-07      7.5409e-08      2.49157e-08
