m_sq,dd,du,ds,dc,db,uu,us,uc,ub,ss,sc,sb,cc,cb,bb
100      383.494      556.211      214.654      159.933      108.822      629.815      295.288      223.898      155.671      73.7474      60.7748      39.0233      37.5565      27.6777      15.066
138      123.502      186.3      62.3396      45.9918      31.1985      218.896      89.1771      66.8429      46.3235      19.0074      15.7021      10.0658      9.62326      7.13037      3.86017
157      77.7671      119.48      37.3526      27.4283      18.5529      142.834      54.3834      40.5362      28.0089      10.7936      8.92559      5.7092      5.45059      4.04162      2.17947
176      51.4172      80.4114      23.5388      17.2079      11.6023      97.7118      34.8442      25.8331      17.7902      6.46652      5.35413      3.41593      3.25822      2.41682      1.29746
195      35.3124      56.1735      15.423      11.2268      7.54352      69.3453      23.1938      17.1064      11.7384      4.0394      3.34804      2.12996      2.03133      1.50624      0.805032
214      25.0188      40.4574      10.4356      7.56526      5.06505      50.7088      15.9322      11.6916      7.99306      2.61201      2.16699      1.37442      1.31132      0.971551      0.516956
233      18.2169      29.9384      7.27156      5.25132      3.50334      38.0554      11.2615      8.22473      5.60231      1.74288      1.44827      0.915781      0.87383      0.647178      0.34263
252      13.5455      22.6082      5.17634      3.72436      2.47557      29.1378      8.12837      5.90891      4.00976      1.19039      0.990318      0.624212      0.596152      0.441037      0.232415
271      10.2688      17.4004      3.76236      2.69752      1.78653      22.7199      5.98687      4.33286      2.92934      0.831513      0.692774      0.435277      0.416053      0.307512      0.161261
290      7.90667      13.5945      2.77892      1.98567      1.31026      17.9781      4.47931      3.22782      2.17408      0.591154      0.493092      0.308806      0.295573      0.218154      0.113877
309      6.17969      10.7786      2.08683      1.48638      0.977297      14.4251      3.40557      2.44401      1.64017      0.42787      0.357468      0.223156      0.213825      0.157655      0.081894
328      4.88798      8.64475      1.58685      1.12678      0.738209      11.7046      2.62101      1.8735      1.25273      0.313993      0.262694      0.163463      0.15686      0.115496      0.0597155
347      3.90612      7.00139      1.21946      0.863315      0.56356      9.58894      2.03811      1.45119      0.966815      0.233142      0.195256      0.121101      0.116441      0.0855777      0.044056
366      3.15694      5.73446      0.949705      0.670468      0.43616      7.93658      1.60526      1.13884      0.756069      0.175612      0.147339      0.0910947      0.0877045      0.0643889      0.0329857
385      2.57242      4.73339      0.745956      0.525204      0.340474      6.61911      1.2749      0.901266      0.596257      0.133544      0.112214      0.069157      0.0666982      0.0488962      0.0249335
404      2.11174      3.93467      0.590511      0.414672      0.267883      5.5584      1.02026      0.718776      0.473864      0.102443      0.0861915      0.0529484      0.0511724      0.0374482      0.0190124
423      1.74804      3.29779      0.47217      0.330762      0.212958      4.70258      0.824357      0.578893      0.380362      0.079444      0.0669666      0.0410109      0.0396955      0.0290163      0.0146607
442      1.45414      2.77621      0.379193      0.264987      0.170018      3.99728      0.668981      0.468281      0.306621      0.0619261      0.052258      0.0318999      0.030953      0.0225791      0.0113612
461      1.21855      2.35423      0.307327      0.214284      0.137029      3.41983      0.547652      0.382209      0.249434      0.0487514      0.0412139      0.0250805      0.0243791      0.0177601      0.00889478
480      1.02625      2.0058      0.250412      0.174221      0.111037      2.93926      0.45066      0.31361      0.203987      0.0386111      0.0326935      0.0198333      0.0193184      0.0140512      0.00700584
499      0.868283      1.71633      0.205041      0.142356      0.0904235      2.53688      0.372624      0.258582      0.167635      0.0307503      0.0260744      0.0157681      0.0153945      0.0111767      0.00554882
518      0.738764      1.47682      0.169086      0.117164      0.0741801      2.2004      0.310188      0.214694      0.138737      0.0246797      0.0209671      0.012641      0.0123638      0.00896485      0.00443001
537      0.630901      1.27509      0.139971      0.0968062      0.06109      1.91507      0.259186      0.17894      0.115259      0.0198951      0.0169301      0.0101757      0.00997418      0.00722042      0.00355232
556      0.540786      1.10476      0.116347      0.0803216      0.0505211      1.67235      0.217435      0.149752      0.0961466      0.0161128      0.013733      0.00822863      0.00808428      0.00584213      0.00286187
575      0.465178      0.960363      0.0970914      0.0669122      0.0419488      1.46503      0.183108      0.125817      0.0805197      0.0131079      0.0111886      0.00668337      0.00658213      0.00474778      0.00231601
594      0.401843      0.838358      0.0814712      0.0560572      0.0350315      1.28817      0.155011      0.10628      0.0678042      0.010728      0.00917466      0.00546394      0.00539185      0.00388382      0.001886
613      0.348111      0.733764      0.0685721      0.047109      0.0293452      1.13557      0.131615      0.090052      0.0572706      0.00881097      0.00754842      0.00448185      0.00443245      0.00318767      0.00154118
632      0.302416      0.643923      0.0579003      0.0397191      0.0246624      1.00359      0.112098      0.0765462      0.0485285      0.00726294      0.00623276      0.00368948      0.00365719      0.00262571      0.00126402
651      0.263428      0.566521      0.0490419      0.0335954      0.0207932      0.889103      0.0957632      0.0652687      0.0412494      0.00600813      0.00516452      0.00304788      0.00302834      0.00217044      0.00104041
670      0.230019      0.499543      0.0416514      0.0284948      0.0175796      0.789383      0.0820245      0.0558046      0.0351577      0.0049856      0.00429235      0.00252547      0.0025155      0.00179954      0.000859026
689      0.201257      0.441304      0.0354512      0.0242224      0.0148953      0.702159      0.0704066      0.0478182      0.0300311      0.00414759      0.00357594      0.00209751      0.00209486      0.00149553      0.000711039
708      0.176704      0.391228      0.0303232      0.0206949      0.0126864      0.626417      0.0607151      0.0411717      0.0257783      0.003469      0.00299677      0.00175262      0.00175399      0.0012504      0.000591849
727      0.15544      0.347432      0.0259901      0.0177185      0.0108276      0.559805      0.0524631      0.0355232      0.0221737      0.00290843      0.0025171      0.00146772      0.00147215      0.0010478      0.000493814
746      0.136795      0.308584      0.0222658      0.0151632      0.00923571      0.500574      0.0453198      0.0306415      0.0190656      0.00243794      0.00211235      0.00122789      0.00123536      0.000877131      0.000411833
765      0.12094      0.275404      0.0192138      0.0130729      0.00793845      0.449294      0.0394125      0.0266141      0.016511      0.00205941      0.00178851      0.00103668      0.00104471      0.000741001      0.000346286
784      0.106784      0.245355      0.0165217      0.0112306      0.00679713      0.402958      0.0341702      0.023044      0.0142503      0.00173377      0.0015072      0.000870881      0.00088051      0.000622876      0.000290041
803      0.0947378      0.219696      0.0143173      0.00972454      0.00586787      0.362808      0.0298376      0.0201003      0.0123935      0.0014717      0.00128231      0.000738835      0.000748252      0.000528752      0.000245068
822      0.0841069      0.196815      0.0124101      0.00842285      0.00506667      0.326894      0.0260634      0.0175394      0.010782      0.00124986      0.00109109      0.000626826      0.000636178      0.00044886      0.00020714
841      0.0746185      0.176136      0.0107335      0.00727945      0.0043644      0.294439      0.0227243      0.0152764      0.00936077      0.00105931      0.000925657      0.000530117      0.000539804      0.000379837      0.000174664
860      0.0664601      0.158281      0.00934201      0.00633183      0.00378461      0.266053      0.0199285      0.0133851      0.00817747      0.00090387      0.000791405      0.000451921      0.000461113      0.000323996      0.000148335
879      0.0592685      0.142405      0.00814313      0.00551616      0.00328694      0.240678      0.0175023      0.011746      0.00715472      0.000772604      0.000677792      0.000385924      0.000394589      0.000276838      0.000126196
898      0.0529095      0.12824      0.00710605      0.00481117      0.00285799      0.217933      0.0153886      0.0103198      0.00626714      0.000661303      0.000581217      0.00032997      0.000338121      0.000236833      0.000107502
917      0.0472829      0.115596      0.00620857      0.0042016      0.00248813      0.197529      0.0135465      0.00907829      0.00549656      0.000566862      0.00049909      0.000282515      0.000290155      0.000202884      9.17084e-05
936      0.0423002      0.104304      0.00543144      0.00367419      0.00216903      0.179212      0.0119399      0.00799674      0.00482712      0.000486652      0.000429205      0.000242243      0.000249372      0.000174056      7.83532e-05
955      0.0378828      0.0942093      0.00475778      0.00321733      0.00189342      0.16275      0.0105373      0.00705349      0.00424489      0.000418436      0.000369664      0.000208026      0.000214649      0.000149549      6.7045e-05
974      0.0339608      0.0851716      0.00417279      0.00282088      0.00165493      0.147935      0.0093106      0.00622937      0.0037376      0.000360307      0.000318837      0.000178897      0.000185028      0.000128673      5.74515e-05
993      0.0304721      0.077065      0.00366363      0.00247605      0.0014481      0.13458      0.0082354      0.00550769      0.00329459      0.000310652      0.000275338      0.000154035      0.000159697      0.000110846      4.92926e-05
1012      0.0273627      0.0697785      0.00321939      0.00217535      0.00126824      0.122518      0.00729069      0.00487413      0.00290675      0.000268127      0.000238008      0.000132758      0.00013798      9.55807e-05      4.2336e-05
1031      0.024586      0.0632162      0.00283087      0.0019125      0.00111148      0.111606      0.00645873      0.00431661      0.00256638      0.00023162      0.000205891      0.000114501      0.000119315      8.24748e-05      3.63897e-05
1050      0.0221019      0.057295      0.00249036      0.00168224      0.000974544      0.101717      0.00572451      0.00382494      0.00226702      0.000200209      0.000178195      9.87995e-05      0.000103238      7.11976e-05      3.12958e-05
1069      0.0199496      0.0521539      0.00220581      0.00148998      0.000860677      0.0930023      0.00510546      0.00341083      0.00201592      0.000174317      0.000155531      8.60012e-05      8.99712e-05      6.20006e-05      2.71249e-05
1088      0.0179813      0.0473941      0.00194799      0.00131578      0.000757708      0.0849526      0.00454156      0.00303372      0.00178765      0.000151331      0.000135237      7.45619e-05      7.8181e-05      5.37759e-05      2.34321e-05
1107      0.016204      0.0430548      0.00171907      0.00116116      0.000666545      0.0775969      0.00403766      0.00269688      0.00158426      0.000131298      0.00011748      6.45773e-05      6.78945e-05      4.65934e-05      2.02265e-05
1126      0.0146239      0.0391727      0.00152058      0.00102715      0.000587789      0.0709657      0.00359743      0.00240278      0.00140724      0.000114208      0.000102345      5.60936e-05      5.91099e-05      4.04877e-05      1.7506e-05
1145      0.0132265      0.0357212      0.00134968      0.000911791      0.000520236      0.0650155      0.00321544      0.00214772      0.00125424      9.97153e-05      8.95373e-05      4.89381e-05      5.16529e-05      3.53354e-05      1.52116e-05
1164      0.0119407      0.0325057      0.00119374      0.000806541      0.000458716      0.0594873      0.00286507      0.00191381      0.00111417      8.67538e-05      7.79852e-05      4.24956e-05      4.49769e-05      3.06944e-05      1.31655e-05
1183      0.0108091      0.0296648      0.00106061      0.000716713      0.000406412      0.0545466      0.00256344      0.00171254      0.000994103      7.58427e-05      6.83039e-05      3.71159e-05      3.93514e-05      2.68172e-05      1.14536e-05
1202      0.00978122      0.0270591      0.000941425      0.000636297      0.000359703      0.0500078      0.00229177      0.00153128      0.000886224      6.62474e-05      5.97496e-05      3.23735e-05      3.43995e-05      2.33979e-05      9.95391e-06
1221      0.0088352      0.0246328      0.00083285      0.000563037      0.000317241      0.0457886      0.00204289      0.00136525      0.000787604      5.76728e-05      5.20507e-05      2.81142e-05      2.997e-05      2.03255e-05      8.61814e-06
1240      0.00802625      0.0225613      0.000743979      0.00050309      0.000282672      0.0421111      0.00183708      0.00122801      0.000706493      5.07232e-05      4.58885e-05      2.4721e-05      2.63766e-05      1.78771e-05      7.54455e-06
1259      0.00725716      0.0205577      0.000659033      0.000445775      0.000249645      0.0385945      0.00163971      0.00109637      0.000628741      4.42287e-05      4.00376e-05      2.15018e-05      2.30155e-05      1.55532e-05      6.5422e-06
1278      0.00659792      0.0188427      0.00058927      0.000398713      0.000222663      0.0355226      0.00147594      0.000987188      0.000564569      3.8947e-05      3.53366e-05      1.89274e-05      2.02797e-05      1.36941e-05      5.7338e-06
1297      0.00596873      0.0171771      0.000522268      0.0003535      0.000196758      0.0325746      0.00131817      0.000881967      0.000502762      3.39871e-05      3.08502e-05      1.64723e-05      1.77083e-05      1.19205e-05      4.97535e-06
1316      0.0054323      0.0157603      0.000467662      0.000316655      0.00017576      0.0300111      0.0011882      0.000795311      0.000452125      2.99806e-05      2.72751e-05      1.45255e-05      1.56295e-05      1.05136e-05      4.36807e-06
1335      0.00493368      0.014427      0.000417196      0.000282595      0.000156382      0.0276075      0.00106751      0.000714821      0.000405168      2.6346e-05      2.40029e-05      1.27466e-05      1.37421e-05      9.22775e-06      3.81868e-06
1354      0.00447759      0.0131955      0.000371638      0.00025184      0.000138928      0.0253847      0.000957901      0.00064171      0.000362617      2.312e-05      2.10849e-05      1.1164e-05      1.20656e-05      8.08334e-06      3.333e-06
1373      0.00407524      0.0121058      0.000332647      0.000225514      0.000124047      0.023393      0.00086328      0.000578591      0.000326025      2.03923e-05      1.86311e-05      9.83811e-06      1.06471e-05      7.12433e-06      2.92509e-06
1392      0.00369269      0.0110531      0.000295465      0.000200402      0.000109867      0.0214873      0.000772722      0.000518162      0.000291026      1.7845e-05      1.63079e-05      8.58418e-06      9.32133e-06      6.21706e-06      2.54478e-06
1411      0.0033664      0.0101573      0.000265134      0.000179912      9.83589e-05      0.0198291      0.00069804      0.00046832      0.000262311      1.57842e-05      1.44539e-05      7.58841e-06      8.24806e-06      5.49646e-06      2.23988e-06
1430      0.00306577      0.00932352      0.000237482      0.000161226      8.78872e-05      0.0182858      0.000629575      0.000422614      0.000236034      1.39361e-05      1.2782e-05      6.69233e-06      7.28494e-06      4.84783e-06      1.96746e-06
1449      0.00277977      0.00851799      0.000211114      0.000143401      7.79095e-05      0.0168082      0.000564043      0.000378849      0.000210899      1.22093e-05      1.11993e-05      5.84508e-06      6.38444e-06      4.23437e-06      1.71339e-06
1468      0.0025362      0.00783366      0.000189645      0.000128883      6.98267e-05      0.0155239      0.00051009      0.000342806      0.00019031      1.08143e-05      9.93855e-06      5.17354e-06      5.65657e-06      3.74809e-06      1.51005e-06
1487      0.00231247      0.0071992      0.000170163      0.000115703      6.25068e-05      0.0143317      0.000460843      0.000309894      0.000171554      9.56802e-06      8.80731e-06      4.57235e-06      5.00591e-06      3.31266e-06      1.32913e-06
1506      0.00210607      0.00660796      0.00015238      0.000103668      5.58377e-05      0.0132205      0.000415633      0.000279667      0.000154365      8.44857e-06      7.78588e-06      4.0307e-06      4.42117e-06      2.92028e-06      1.16726e-06
1525      0.00191308      0.00604834      0.000135845      9.24727e-05      4.9646e-05      0.0121724      0.000373385      0.000251409      0.000138325      7.42606e-06      6.84521e-06      3.5328e-06      3.88678e-06      2.55952e-06      1.01989e-06
1544      0.0017465      0.00556547      0.000122119      8.3175e-05      4.45291e-05      0.0112504      0.000337949      0.000227694      0.00012493      6.58471e-06      6.07973e-06      3.12949e-06      3.4469e-06      2.26728e-06      8.99676e-07
1563      0.00159378      0.00511891      0.000109703      7.47604e-05      3.99101e-05      0.0103957      0.000305695      0.000206098      0.000112762      5.83481e-06      5.39519e-06      2.76968e-06      3.05467e-06      2.00653e-06      7.93008e-07
1582      0.0014536      0.00470533      9.84534e-05      6.71329e-05      3.57338e-05      0.00960244      0.000276292      0.000186401      0.000101692      5.16546e-06      4.78204e-06      2.44818e-06      2.70443e-06      1.77352e-06      6.98226e-07
1601      0.00132429      0.00432013      8.81941e-05      6.01734e-05      3.19324e-05      0.008863      0.000249317      0.000168321      9.15538e-05      4.56442e-06      4.22901e-06      2.15887e-06      2.38982e-06      1.56382e-06      6.13482e-07
1620      0.00120461      0.00395991      7.87963e-05      5.3795e-05      2.84567e-05      0.0081715      0.000224461      0.000151652      8.22285e-05      4.02258e-06      3.72789e-06      1.89731e-06      2.10609e-06      1.37421e-06      5.37408e-07
1639      0.0011004      0.00364594      7.08949e-05      4.84289e-05      2.55462e-05      0.00755836      0.000203353      0.000137487      7.43403e-05      3.57123e-06      3.31427e-06      1.68235e-06      1.8697e-06      1.21839e-06      4.74567e-07
1658      0.00100504      0.00335626      6.37678e-05      4.3586e-05      2.29265e-05      0.00699074      0.00018419      0.000124619      6.71934e-05      3.16977e-06      2.94551e-06      1.49119e-06      1.6594e-06      1.07982e-06      4.18945e-07
1677      0.000917788      0.00308903      5.73406e-05      3.92163e-05      2.05692e-05      0.00646527      0.000166796      0.000112932      6.07196e-05      2.81277e-06      2.61685e-06      1.32125e-06      1.47234e-06      9.5663e-07      3.69725e-07
1696      0.000837955      0.00284253      5.15457e-05      3.52743e-05      1.84484e-05      0.00597881      0.00015101      0.000102318      5.48562e-05      2.49533e-06      2.324e-06      1.17022e-06      1.30598e-06      8.47147e-07      3.2618e-07
1715      0.000764911      0.00261513      4.63212e-05      3.17182e-05      1.65406e-05      0.0055284      0.000136683      9.26793e-05      4.95457e-05      2.21309e-06      2.06309e-06      1.03601e-06      1.15805e-06      7.49859e-07      2.87659e-07
1734      0.000698061      0.00240531      4.16097e-05      2.85094e-05      1.48238e-05      0.00511126      0.000123676      8.39226e-05      4.47343e-05      1.96206e-06      1.83058e-06      9.16719e-07      1.02646e-06      6.6339e-07      2.53574e-07
1753      0.00063682      0.00221149      3.73558e-05      2.56105e-05      1.32772e-05      0.00472455      0.000111853      7.59576e-05      4.03699e-05      1.73854e-06      1.62312e-06      8.1056e-07      9.09284e-07      5.86443e-07      2.23382e-07
1772      0.000580435      0.00203142      3.34889e-05      2.29738e-05      1.18741e-05      0.00436444      0.000101036      6.86655e-05      3.63844e-05      1.53828e-06      1.43667e-06      7.15394e-07      8.0429e-07      5.17467e-07      1.96464e-07
1791      0.000529093      0.0018662      3.00276e-05      2.06122e-05      1.06212e-05      0.00403228      9.12835e-05      6.20856e-05      3.2799e-05      1.36139e-06      1.2719e-06      6.31534e-07      7.11556e-07      4.56691e-07      1.72826e-07
1810      0.000483431      0.00171865      2.70279e-05      1.85641e-05      9.53884e-06      0.00373213      8.27562e-05      5.63277e-05      2.96736e-05      1.20974e-06      1.13129e-06      5.60225e-07      6.32067e-07      4.05023e-07      1.52708e-07
1829      0.000441686      0.00158268      2.43264e-05      1.67184e-05      8.56619e-06      0.00345434      7.50239e-05      5.11027e-05      2.68452e-05      1.07496e-06      1.00615e-06      4.96926e-07      5.61426e-07      3.59164e-07      1.34923e-07
1848      0.000403523      0.00145739      2.18937e-05      1.50553e-05      7.69224e-06      0.00319725      6.80127e-05      4.63615e-05      2.42859e-05      9.55185e-07      8.94778e-07      4.40747e-07      4.98654e-07      3.18469e-07      1.19203e-07
1867      0.000368637      0.00134196      1.97032e-05      1.35569e-05      6.90703e-06      0.0029593      6.16556e-05      4.20594e-05      2.197e-05      8.48736e-07      7.95681e-07      3.9089e-07      4.42877e-07      2.82359e-07      1.05309e-07
1886      0.000336745      0.0012356      1.77308e-05      1.22067e-05      6.20155e-06      0.00273906      5.58914e-05      3.81555e-05      1.98745e-05      7.5413e-07      7.07504e-07      3.46645e-07      3.93314e-07      2.50319e-07      9.30288e-08
1905      0.000307589      0.0011376      1.59547e-05      1.09902e-05      5.56768e-06      0.00253518      5.06643e-05      3.46127e-05      1.7978e-05      6.70042e-07      6.29041e-07      3.07379e-07      3.49272e-07      2.21891e-07      8.21742e-08
1924      0.000280934      0.00104729      1.43553e-05      9.89401e-06      4.99812e-06      0.00234642      4.59238e-05      3.13972e-05      1.62616e-05      5.95294e-07      5.59217e-07      2.7253e-07      3.10131e-07      1.96666e-07      7.25792e-08
1943      0.000256561      0.00096406      1.29147e-05      8.90606e-06      4.48626e-06      0.00217164      4.16238e-05      2.84782e-05      1.47079e-05      5.28839e-07      4.97073e-07      2.41597e-07      2.75343e-07      1.7428e-07      6.40966e-08
1962      0.000234273      0.000887342      1.1617e-05      8.01555e-06      4.02621e-06      0.00200977      3.77227e-05      2.58279e-05      1.33012e-05      4.69745e-07      4.41757e-07      2.14137e-07      2.4442e-07      1.54412e-07      5.65965e-08
1981      0.000213888      0.000816614      1.04479e-05      7.21275e-06      3.61264e-06      0.00185984      3.41828e-05      2.34211e-05      1.20274e-05      4.17189e-07      3.92512e-07      1.89756e-07      2.16927e-07      1.36777e-07      4.9964e-08
2000      0.00019553      0.000752531      9.41618e-06      6.50384e-06      3.24867e-06      0.00172279      3.10333e-05      2.12779e-05      1.08968e-05      3.71337e-07      3.49643e-07      1.68598e-07      1.92954e-07      1.21478e-07      4.42164e-08
