500  1237.19  
515.152  1062.22  
530.303  915.767  
545.455  791.587  
560.606  684.903  
575.758  596.772  
590.909  519.643  
606.061  453.59  
621.212  397.179  
636.364  348.045  
651.515  305.39  
666.667  268.631  
681.818  236.786  
696.97  209.547  
712.121  185.256  
727.273  163.747  
742.424  145.015  
757.576  128.902  
772.727  114.538  
787.879  101.526  
803.03  90.9178  
818.182  81.1678  
833.333  72.4635  
848.485  64.7279  
863.636  58.0021  
878.788  52.0233  
893.939  46.651  
909.091  41.8404  
924.242  37.5756  
939.394  33.776  
954.545  30.3957  
969.697  27.3901  
984.848  24.7143  
1000  22.3388  
1015.15  20.1436  
1030.3  18.149  
1045.45  16.3992  
1060.61  14.8323  
1075.76  13.4142  
1090.91  12.1343  
1106.06  10.9919  
1121.21  9.87469  
1136.36  9.03933  
1151.52  8.20843  
1166.67  7.4476  
1181.82  6.75992  
1196.97  6.13952  
1212.12  5.58253  
1227.27  5.07927  
1242.42  4.6194  
1257.58  4.20942  
1272.73  3.82899  
1287.88  3.48458  
1303.03  3.17428  
1318.18  2.89201  
1333.33  2.63662  
1348.48  2.40464  
1363.64  2.19396  
1378.79  2.00265  
1393.94  1.82798  
1409.09  1.66917  
1424.24  1.52575  
1439.39  1.39547  
1454.55  1.27214  
1469.7  1.16348  
1484.85  1.0629  
1500  0.971471  
1515.15  0.888077  
1530.3  0.812333  
1545.45  0.742729  
1560.61  0.679792  
1575.76  0.62224  
1590.91  0.570204  
1606.06  0.521585  
1621.21  0.477887  
1636.36  0.437897  
1651.52  0.400796  
1666.67  0.366983  
1681.82  0.336085  
1696.97  0.308019  
1712.12  0.282487  
1727.27  0.259021  
1742.42  0.237457  
1757.58  0.217565  
1772.73  0.199444  
1787.88  0.183002  
1803.03  0.167751  
1818.18  0.153858  
1833.33  0.141176  
1848.48  0.129502  
1863.64  0.11876  
1878.79  0.108919  
1893.94  0.0998621  
1909.09  0.0915781  
1924.24  0.0840556  
1939.39  0.0771674  
1954.55  0.0708261  
1969.7  0.0649818  
1984.85  0.0596289  
2000  0.0547199  
