500  934.732  
515.152  815.083  
530.303  713.1  
545.455  624.244  
560.606  550.453  
575.758  485.528  
590.909  429.038  
606.061  380.019  
621.212  337.396  
636.364  300.191  
651.515  267.543  
666.667  238.56  
681.818  213.685  
696.97  191.189  
712.121  171.381  
727.273  153.917  
742.424  138.425  
757.576  124.724  
772.727  112.004  
787.879  101.554  
803.03  91.8588  
818.182  83.1067  
833.333  75.2874  
848.485  68.2661  
863.636  61.9781  
878.788  56.2999  
893.939  51.2437  
909.091  46.6286  
924.242  42.4349  
939.394  38.7248  
954.545  35.3546  
969.697  32.2941  
984.848  29.5028  
1000  26.9846  
1015.15  24.6813  
1030.3  22.5914  
1045.45  20.6903  
1060.61  18.9649  
1075.76  17.4082  
1090.91  15.9765  
1106.06  14.6215  
1121.21  13.4813  
1136.36  12.3954  
1151.52  11.3994  
1166.67  10.4882  
1181.82  9.65229  
1196.97  8.88809  
1212.12  8.18932  
1227.27  7.55058  
1242.42  6.96051  
1257.58  6.42855  
1272.73  5.93198  
1287.88  5.47488  
1303.03  5.05189  
1318.18  4.66522  
1333.33  4.31051  
1348.48  3.98508  
1363.64  3.68394  
1378.79  3.41076  
1393.94  3.15812  
1409.09  2.92474  
1424.24  2.70633  
1439.39  2.50479  
1454.55  2.31797  
1469.7  2.14744  
1484.85  1.98897  
1500  1.84335  
1515.15  1.70899  
1530.3  1.58541  
1545.45  1.46933  
1560.61  1.34299  
1575.76  1.25186  
1590.91  1.17421  
1606.06  1.08961  
1621.21  1.01183  
1636.36  0.939536  
1651.52  0.871998  
1666.67  0.809772  
1681.82  0.752044  
1696.97  0.69855  
1712.12  0.649024  
1727.27  0.603321  
1742.42  0.561005  
1757.58  0.521277  
1772.73  0.484796  
1787.88  0.450742  
1803.03  0.419275  
1818.18  0.389614  
1833.33  0.362461  
1848.48  0.337016  
1863.64  0.313279  
1878.79  0.292409  
1893.94  0.27098  
1909.09  0.252122  
1924.24  0.234555  
1939.39  0.218407  
1954.55  0.203294  
1969.7  0.189365  
1984.85  0.176833  
2000  0.164549  
