500  91.8478  
515.152  76.1587  
530.303  63.1332  
545.455  52.5778  
560.606  43.8211  
575.758  36.5516  
590.909  30.6122  
606.061  25.664  
621.212  21.5581  
636.364  18.12  
651.515  15.1881  
666.667  12.8478  
681.818  10.8517  
696.97  9.16329  
712.121  7.74437  
727.273  6.56591  
742.424  5.55828  
757.576  4.7101  
772.727  3.99803  
787.879  3.39819  
803.03  2.88588  
818.182  2.45207  
833.333  2.08232  
848.485  1.77589  
863.636  1.51086  
878.788  1.28606  
893.939  1.09804  
909.091  0.935246  
924.242  0.796064  
939.394  0.67941  
954.545  0.579557  
969.697  0.494108  
984.848  0.420793  
1000  0.359422  
1015.15  0.307096  
1030.3  0.261729  
1045.45  0.223431  
1060.61  0.190532  
1075.76  0.162601  
1090.91  0.138683  
1106.06  0.118346  
1121.21  0.100912  
1136.36  0.0861061  
1151.52  0.0733234  
1166.67  0.0625602  
1181.82  0.0533526  
1196.97  0.0454437  
1212.12  0.0386724  
1227.27  0.0329359  
1242.42  0.0280093  
1257.58  0.0238337  
1272.73  0.020282  
1287.88  0.0172233  
1303.03  0.0146521  
1318.18  0.0124432  
1333.33  0.0105538  
1348.48  0.00896031  
1363.64  0.007592  
1378.79  0.00643561  
1393.94  0.00544551  
1409.09  0.00462174  
1424.24  0.00390242  
1439.39  0.00329759  
1454.55  0.00278785  
1469.7  0.00235535  
1484.85  0.00198613  
1500  0.00167451  
1515.15  0.00141085  
1530.3  0.00118741  
1545.45  0.000998529  
1560.61  0.000839032  
1575.76  0.00070531  
1590.91  0.00059159  
1606.06  0.000496056  
1621.21  0.000415043  
1636.36  0.000347278  
1651.52  0.000290198  
1666.67  0.000242225  
1681.82  0.000202136  
1696.97  0.000168518  
1712.12  0.000140158  
1727.27  0.000116552  
1742.42  9.65141e-05  
1757.58  8.03131e-05  
1772.73  6.64696e-05  
1787.88  5.49932e-05  
1803.03  4.54598e-05  
1818.18  3.75253e-05  
1833.33  3.09033e-05  
1848.48  2.54349e-05  
1863.64  2.08939e-05  
1878.79  1.71562e-05  
1893.94  1.4046e-05  
1909.09  1.15058e-05  
1924.24  9.39478e-06  
1939.39  7.64979e-06  
1954.55  6.23269e-06  
1969.7  5.09555e-06  
1984.85  4.11139e-06  
2000  3.32917e-06  
