500  273.874  
515.152  216.437  
530.303  171.223  
545.455  136.423  
560.606  108.667  
575.758  86.7222  
590.909  69.5725  
606.061  56.0179  
621.212  45.1738  
636.364  36.5185  
651.515  29.5202  
666.667  23.9273  
681.818  19.4669  
696.97  15.842  
712.121  12.9155  
727.273  10.5649  
742.424  8.63653  
757.576  7.06586  
772.727  5.79656  
787.879  4.76908  
803.03  3.92047  
818.182  3.22482  
833.333  2.65618  
848.485  2.19115  
863.636  1.8087  
878.788  1.49409  
893.939  1.23614  
909.091  1.02303  
924.242  0.845043  
939.394  0.70086  
954.545  0.58083  
969.697  0.482035  
984.848  0.399067  
1000  0.331347  
1015.15  0.275796  
1030.3  0.228568  
1045.45  0.190145  
1060.61  0.157916  
1075.76  0.131355  
1090.91  0.109292  
1106.06  0.0908171  
1121.21  0.0756164  
1136.36  0.0628069  
1151.52  0.0521932  
1166.67  0.043501  
1181.82  0.0361984  
1196.97  0.0301217  
1212.12  0.0250551  
1227.27  0.0208555  
1242.42  0.0173229  
1257.58  0.0144217  
1272.73  0.0119875  
1287.88  0.00995533  
1303.03  0.00829131  
1318.18  0.00688334  
1333.33  0.0057271  
1348.48  0.00475463  
1363.64  0.00394396  
1378.79  0.00326963  
1393.94  0.00271448  
1409.09  0.00225685  
1424.24  0.00186787  
1439.39  0.00154638  
1454.55  0.00128376  
1469.7  0.00106319  
1484.85  0.000878927  
1500  0.000727692  
1515.15  0.000601649  
1530.3  0.000496381  
1545.45  0.000409917  
1560.61  0.000338249  
1575.76  0.000279167  
1590.91  0.000230058  
1606.06  0.000189569  
1621.21  0.000155859  
1636.36  0.000128208  
1651.52  0.000105242  
1666.67  8.63631e-05  
1681.82  7.09305e-05  
1696.97  5.81462e-05  
1712.12  4.75379e-05  
1727.27  3.8913e-05  
1742.42  3.1731e-05  
1757.58  2.59677e-05  
1772.73  2.1168e-05  
1787.88  1.72281e-05  
1803.03  1.40425e-05  
1818.18  1.14019e-05  
1833.33  9.26404e-06  
1848.48  7.51564e-06  
1863.64  6.08052e-06  
1878.79  4.92214e-06  
1893.94  3.97224e-06  
1909.09  3.21153e-06  
1924.24  2.58434e-06  
1939.39  2.07626e-06  
1954.55  1.66993e-06  
1969.7  1.34507e-06  
1984.85  1.07211e-06  
2000  8.57954e-07  
