500  34.9531  
515.152  28.9303  
530.303  23.9663  
545.455  19.9195  
560.606  16.5855  
575.758  13.8181  
590.909  11.5558  
606.061  9.67759  
621.212  8.11489  
636.364  6.81649  
651.515  5.72012  
666.667  4.81841  
681.818  4.06429  
696.97  3.4279  
712.121  2.89435  
727.273  2.44854  
742.424  2.07205  
757.576  1.75344  
772.727  1.48642  
787.879  1.26197  
803.03  1.07084  
818.182  0.908738  
833.333  0.771512  
848.485  0.656678  
863.636  0.558049  
878.788  0.474543  
893.939  0.404652  
909.091  0.344258  
924.242  0.292791  
939.394  0.249663  
954.545  0.212697  
969.697  0.18115  
984.848  0.154151  
1000  0.131473  
1015.15  0.11227  
1030.3  0.0955796  
1045.45  0.0815165  
1060.61  0.0694303  
1075.76  0.0592028  
1090.91  0.0504673  
1106.06  0.0430001  
1121.21  0.036686  
1136.36  0.0312314  
1151.52  0.0265571  
1166.67  0.0226513  
1181.82  0.0192879  
1196.97  0.0164253  
1212.12  0.0139647  
1227.27  0.0118843  
1242.42  0.0100957  
1257.58  0.00858359  
1272.73  0.00729684  
1287.88  0.00619476  
1303.03  0.00526353  
1318.18  0.00446478  
1333.33  0.0037835  
1348.48  0.00321028  
1363.64  0.00271828  
1378.79  0.00230188  
1393.94  0.00194669  
1409.09  0.0016513  
1424.24  0.00139264  
1439.39  0.00117602  
1454.55  0.00099343  
1469.7  0.000838664  
1484.85  0.000706496  
1500  0.000595333  
1515.15  0.000501268  
1530.3  0.000421515  
1545.45  0.000354212  
1560.61  0.000297425  
1575.76  0.000249827  
1590.91  0.000209387  
1606.06  0.000175431  
1621.21  0.000146659  
1636.36  0.000122672  
1651.52  0.000102427  
1666.67  8.54352e-05  
1681.82  7.12476e-05  
1696.97  5.93909e-05  
1712.12  4.93284e-05  
1727.27  4.09992e-05  
1742.42  3.39326e-05  
1757.58  2.82123e-05  
1772.73  2.33373e-05  
1787.88  1.92947e-05  
1803.03  1.59346e-05  
1818.18  1.31486e-05  
1833.33  1.08217e-05  
1848.48  8.90038e-06  
1863.64  7.30747e-06  
1878.79  6.00561e-06  
1893.94  4.90738e-06  
1909.09  4.01775e-06  
1924.24  3.27783e-06  
1939.39  2.66722e-06  
1954.55  2.17215e-06  
1969.7  1.76989e-06  
1984.85  1.43113e-06  
2000  1.15804e-06  
