500  3793.08  
515.152  3162.2  
530.303  2649.83  
545.455  2227.04  
560.606  1875.23  
575.758  1584.53  
590.909  1342.64  
606.061  1140.83  
621.212  971.112  
636.364  829.425  
651.515  709.044  
666.667  607.338  
681.818  521.096  
696.97  448.87  
712.121  386.378  
727.273  333.547  
742.424  288.099  
757.576  249.616  
772.727  216.187  
787.879  187.545  
803.03  163.026  
818.182  141.996  
833.333  123.531  
848.485  107.835  
863.636  94.0495  
878.788  82.1601  
893.939  71.8835  
909.091  62.9181  
924.242  55.1813  
939.394  48.363  
954.545  42.4529  
969.697  37.3016  
984.848  32.7654  
1000  28.8317  
1015.15  25.3884  
1030.3  22.3363  
1045.45  19.6754  
1060.61  17.3559  
1075.76  15.3164  
1090.91  13.5182  
1106.06  11.9454  
1121.21  10.5352  
1136.36  9.32272  
1151.52  8.23775  
1166.67  7.29437  
1181.82  6.45289  
1196.97  5.7133  
1212.12  5.06106  
1227.27  4.48125  
1242.42  3.96995  
1257.58  3.51577  
1272.73  3.12132  
1287.88  2.76973  
1303.03  2.45511  
1318.18  2.17738  
1333.33  1.92941  
1348.48  1.71344  
1363.64  1.5215  
1378.79  1.35027  
1393.94  1.20438  
1409.09  1.06468  
1424.24  0.945859  
1439.39  0.840019  
1454.55  0.746232  
1469.7  0.661878  
1484.85  0.589311  
1500  0.523141  
1515.15  0.464806  
1530.3  0.412331  
1545.45  0.366653  
1560.61  0.325697  
1575.76  0.289304  
1590.91  0.257058  
1606.06  0.228255  
1621.21  0.202593  
1636.36  0.180157  
1651.52  0.159928  
1666.67  0.142054  
1681.82  0.126036  
1696.97  0.111961  
1712.12  0.0994031  
1727.27  0.0881188  
1742.42  0.0783043  
1757.58  0.0694566  
1772.73  0.0616502  
1787.88  0.0546722  
1803.03  0.0484994  
1818.18  0.0429859  
1833.33  0.038141  
1848.48  0.0337893  
1863.64  0.029965  
1878.79  0.0265739  
1893.94  0.0235078  
1909.09  0.0208245  
1924.24  0.0184299  
1939.39  0.0163027  
1954.55  0.014448  
1969.7  0.0127861  
1984.85  0.0112939  
2000  0.00998745  
