500  5260.93  
515.152  4623.62  
530.303  4079.63  
545.455  3601.47  
560.606  3194.34  
575.758  2837.74  
590.909  2526.51  
606.061  2253.86  
621.212  2021.01  
636.364  1811.08  
651.515  1624.44  
666.667  1463.98  
681.818  1316.54  
696.97  1189.69  
712.121  1075.69  
727.273  975.364  
742.424  883.376  
757.576  802.671  
772.727  729.732  
787.879  663.99  
803.03  605.82  
818.182  552.781  
833.333  504.738  
848.485  461.282  
863.636  422.394  
878.788  387.616  
893.939  354.828  
909.091  325.634  
924.242  299.234  
939.394  275.012  
954.545  253.389  
969.697  232.879  
984.848  214.773  
1000  198.193  
1015.15  182.642  
1030.3  168.939  
1045.45  156.215  
1060.61  144.375  
1075.76  133.307  
1090.91  123.466  
1106.06  114.281  
1121.21  105.838  
1136.36  98.1756  
1151.52  91.0157  
1166.67  84.5407  
1181.82  78.2871  
1196.97  72.7917  
1212.12  67.4773  
1227.27  62.9535  
1242.42  58.454  
1257.58  54.207  
1272.73  50.5742  
1287.88  47.0338  
1303.03  43.7402  
1318.18  40.7726  
1333.33  37.9866  
1348.48  35.485  
1363.64  33.0018  
1378.79  30.804  
1393.94  28.7083  
1409.09  26.7789  
1424.24  24.9934  
1439.39  23.31  
1454.55  21.8066  
1469.7  20.3327  
1484.85  18.9859  
1500  17.7395  
1515.15  16.61  
1530.3  15.5205  
1545.45  14.4929  
1560.61  13.5467  
1575.76  12.6806  
1590.91  11.8534  
1606.06  11.1011  
1621.21  10.3812  
1636.36  9.7083  
1651.52  9.09808  
1666.67  8.50378  
1681.82  7.95327  
1696.97  7.455  
1712.12  6.97988  
1727.27  6.53116  
1742.42  6.12346  
1757.58  5.73774  
1772.73  5.37296  
1787.88  5.03522  
1803.03  4.71342  
1818.18  4.41981  
1833.33  4.14008  
1848.48  3.8799  
1863.64  3.64009  
1878.79  3.41499  
1893.94  3.19787  
1909.09  2.99811  
1924.24  2.81157  
1939.39  2.63459  
1954.55  2.4738  
1969.7  2.31482  
1984.85  2.17312  
2000  2.03526  
