500  136.937  
515.152  108.219  
530.303  85.6114  
545.455  68.2114  
560.606  54.3333  
575.758  43.3611  
590.909  34.7863  
606.061  28.0089  
621.212  22.5869  
636.364  18.2593  
651.515  14.7601  
666.667  11.9636  
681.818  9.73343  
696.97  7.92102  
712.121  6.45773  
727.273  5.28243  
742.424  4.31827  
757.576  3.53293  
772.727  2.89828  
787.879  2.38454  
803.03  1.96024  
818.182  1.61241  
833.333  1.32809  
848.485  1.09558  
863.636  0.904352  
878.788  0.747044  
893.939  0.61807  
909.091  0.511516  
924.242  0.422521  
939.394  0.35043  
954.545  0.290415  
969.697  0.241018  
984.848  0.199533  
1000  0.165673  
1015.15  0.137898  
1030.3  0.114284  
1045.45  0.0950725  
1060.61  0.0789581  
1075.76  0.0656773  
1090.91  0.0546458  
1106.06  0.0454085  
1121.21  0.0378082  
1136.36  0.0314034  
1151.52  0.0260966  
1166.67  0.0217505  
1181.82  0.0180992  
1196.97  0.0150609  
1212.12  0.0125275  
1227.27  0.0104278  
1242.42  0.00866143  
1257.58  0.00721086  
1272.73  0.00599376  
1287.88  0.00497766  
1303.03  0.00414565  
1318.18  0.00344167  
1333.33  0.00286355  
1348.48  0.00237731  
1363.64  0.00197198  
1378.79  0.00163481  
1393.94  0.00135724  
1409.09  0.00112842  
1424.24  0.000933936  
1439.39  0.000773192  
1454.55  0.000641881  
1469.7  0.000531593  
1484.85  0.000439463  
1500  0.000363846  
1515.15  0.000300825  
1530.3  0.000248191  
1545.45  0.000204959  
1560.61  0.000169125  
1575.76  0.000139583  
1590.91  0.000115029  
1606.06  9.47844e-05  
1621.21  7.79295e-05  
1636.36  6.4104e-05  
1651.52  5.2621e-05  
1666.67  4.31815e-05  
1681.82  3.54653e-05  
1696.97  2.90731e-05  
1712.12  2.3769e-05  
1727.27  1.94565e-05  
1742.42  1.58655e-05  
1757.58  1.29839e-05  
1772.73  1.0584e-05  
1787.88  8.61404e-06  
1803.03  7.02126e-06  
1818.18  5.70097e-06  
1833.33  4.63202e-06  
1848.48  3.75782e-06  
1863.64  3.04026e-06  
1878.79  2.46107e-06  
1893.94  1.98612e-06  
1909.09  1.60576e-06  
1924.24  1.29217e-06  
1939.39  1.03813e-06  
1954.55  8.34963e-07  
1969.7  6.72534e-07  
1984.85  5.36055e-07  
2000  4.28977e-07  
