500  4174.3  
515.152  3603.45  
530.303  3123.44  
545.455  2707.31  
560.606  2357.72  
575.758  2058.31  
590.909  1798.94  
606.061  1576.28  
621.212  1388.42  
636.364  1222.28  
651.515  1076.27  
666.667  952.85  
681.818  842.094  
696.97  747.036  
712.121  663.485  
727.273  590.962  
742.424  525.626  
757.576  469.182  
772.727  418.812  
787.879  374.644  
803.03  335.611  
818.182  300.821  
833.333  269.389  
848.485  242.267  
863.636  218.003  
878.788  196.442  
893.939  176.82  
909.091  159.417  
924.242  143.904  
939.394  130.114  
954.545  117.715  
969.697  106.386  
984.848  96.3541  
1000  87.3263  
1015.15  79.1315  
1030.3  71.9316  
1045.45  65.366  
1060.61  59.3594  
1075.76  53.9285  
1090.91  49.0863  
1106.06  44.645  
1121.21  40.6704  
1136.36  37.0958  
1151.52  33.7501  
1166.67  30.8774  
1181.82  28.0957  
1196.97  25.6806  
1212.12  23.4601  
1227.27  21.4661  
1242.42  19.6146  
1257.58  17.8867  
1272.73  16.4184  
1287.88  15.0098  
1303.03  13.7258  
1318.18  12.587  
1333.33  11.5303  
1348.48  10.5803  
1363.64  9.69307  
1378.79  8.90255  
1393.94  8.15674  
1409.09  7.4875  
1424.24  6.86671  
1439.39  6.30146  
1454.55  5.80237  
1469.7  5.3228  
1484.85  4.88968  
1500  4.49374  
1515.15  4.13834  
1530.3  3.80362  
1545.45  3.49291  
1560.61  3.21434  
1575.76  2.95876  
1590.91  2.7211  
1606.06  2.5077  
1621.21  2.30702  
1636.36  2.12276  
1651.52  1.9571  
1666.67  1.79979  
1681.82  1.65562  
1696.97  1.52783  
1712.12  1.40786  
1727.27  1.29591  
1742.42  1.19583  
1757.58  1.10143  
1772.73  1.01612  
1787.88  0.936617  
1803.03  0.86329  
1818.18  0.796145  
1833.33  0.732778  
1848.48  0.676171  
1863.64  0.624201  
1878.79  0.576142  
1893.94  0.531188  
1909.09  0.489923  
1924.24  0.451607  
1939.39  0.417084  
1954.55  0.38523  
1969.7  0.354603  
1984.85  0.327512  
2000  0.301799  
