m_sq,dd,uu,ss,cc,bb,at_factorization_and           _renorm_scale:q=m_sg
100      32.6561      48.1074      4.8338      2.44667      0.9839
138      9.20151      13.8506      1.0509      0.528843      0.20788
157      5.44649      8.27585      0.555247      0.279116      0.108441
176      3.3572      5.14825      0.307122      0.154324      0.0592177
195      2.15887      3.34009      0.17877      0.0898659      0.0340701
214      1.42761      2.22838      0.107578      0.0541299      0.0202716
233      0.968773      1.52566      0.0668196      0.0336695      0.012456
252      0.670645      1.06573      0.0425407      0.0214741      0.00784719
271      0.477336      0.765289      0.0280825      0.0142061      0.00513267
290      0.339414      0.549443      0.018486      0.00937279      0.00334324
309      0.247437      0.404363      0.0125808      0.00639453      0.00225431
328      0.181763      0.299991      0.00864685      0.00440622      0.00153472
347      0.135311      0.225578      0.0060507      0.00309132      0.00106416
366      0.101853      0.171544      0.00429747      0.00220131      0.000749086
385      0.076298      0.129949      0.00303323      0.00155782      0.000523393
404      0.0584816      0.100672      0.00220859      0.00113715      0.000377799
423      0.044818      0.0780283      0.00160852      0.000830243      0.000272592
442      0.0342996      0.0604413      0.00117003      0.000605385      0.000196289
461      0.0264024      0.0471059      0.000858182      0.000445063      0.000142516
480      0.0205217      0.0370708      0.000637992      0.00033159      0.000104919
499      0.0160529      0.0293648      0.000478612      0.000249259      7.7952e-05
518      0.0126911      0.0235038      0.00036423      0.000190041      5.87828e-05
537      0.00998985      0.0187476      0.000275817      0.000144165      4.40699e-05
556      0.00784382      0.0149278      0.000208371      0.000109091      3.29391e-05
575      0.00613748      0.0118554      0.000156885      8.22601e-05      2.45186e-05
594      0.0049428      0.00967166      0.000122565      6.43456e-05      1.89836e-05
613      0.00389023      0.00773047      9.31077e-05      4.89394e-05      1.42545e-05
632      0.00313018      0.00630693      7.27589e-05      3.82814e-05      1.10316e-05
651      0.00246992      0.00505783      5.55385e-05      2.92471e-05      8.32006e-06
670      0.00199608      0.00414627      4.36919e-05      2.30248e-05      6.48119e-06
689      0.0015684      0.00331549      3.3237e-05      1.75254e-05      4.86676e-06
708      0.00127394      0.00273246      2.63403e-05      1.38947e-05      3.81896e-06
727      0.0010293      0.00224196      2.07553e-05      1.09518e-05      2.97752e-06
746      0.000820752      0.00181864      1.61082e-05      8.5007e-06      2.28294e-06
765      0.000656909      0.00148079      1.25642e-05      6.63032e-06      1.75932e-06
784      0.000533314      0.00122138      9.97438e-06      5.26304e-06      1.38181e-06
803      0.000431747      0.00100514      7.89624e-06      4.16544e-06      1.08181e-06
822      0.000348397      0.000825057      6.23077e-06      3.28555e-06      8.43793e-07
841      0.000279892      0.000674778      4.89366e-06      2.57902e-06      6.54679e-07
860      0.000221166      0.00054408      3.7718e-06      1.98612e-06      4.97513e-07
879      0.000179434      0.000449096      2.99973e-06      1.57835e-06      3.91176e-07
898      0.000145419      0.000370421      2.3838e-06      1.25314e-06      3.07263e-07
917      0.000117734      0.000305324      1.89298e-06      9.94096e-07      2.41133e-07
936      9.52256e-05      0.000251501      1.50217e-06      7.87945e-07      1.89071e-07
955      7.69405e-05      0.000207017      1.19112e-06      6.23983e-07      1.48111e-07
974      6.20938e-05      0.000170258      9.43601e-07      4.93615e-07      1.15896e-07
993      5.00425e-05      0.000139881      7.46637e-07      3.89973e-07      9.05659e-08
1012      4.02629e-05      0.000114774      5.89898e-07      3.07587e-07      7.06514e-08
1031      3.23293e-05      9.40221e-05      4.65182e-07      2.42113e-07      5.49999e-08
1050      2.68265e-05      7.92519e-05      3.80884e-07      1.97957e-07      4.46117e-08
1069      2.1828e-05      6.56881e-05      3.05054e-07      1.58258e-07      3.5319e-08
1088      1.76554e-05      5.41719e-05      2.42749e-07      1.25683e-07      2.77643e-08
1107      1.42116e-05      4.4492e-05      1.92175e-07      9.92812e-08      2.17027e-08
1126      1.13853e-05      3.63945e-05      1.51376e-07      7.80191e-08      1.6872e-08
1145      9.07619e-06      2.96453e-05      1.1862e-07      6.09814e-08      1.30429e-08
1164      7.19777e-06      2.40394e-05      9.24431e-08      4.73943e-08      1.00233e-08
1183      6.02226e-06      2.04138e-05      7.65053e-08      3.91547e-08      8.22583e-09
1202      4.86017e-06      1.68075e-05      6.08132e-08      3.10442e-08      6.45901e-09
1221      3.87253e-06      1.36869e-05      4.76679e-08      2.42635e-08      4.9952e-09
1240      3.056e-06      1.10529e-05      3.69768e-08      1.87621e-08      3.82003e-09
1259      2.50244e-06      9.21225e-06      2.98972e-08      1.51336e-08      3.05713e-09
1278      2.03532e-06      7.6357e-06      2.39869e-08      1.21098e-08      2.42548e-09
1297      1.61298e-06      6.18909e-06      1.8702e-08      9.41066e-09      1.86544e-09
1316      1.2598e-06      4.95334e-06      1.43521e-08      7.19542e-09      1.41051e-09
1335      1.04701e-06      4.18087e-06      1.18014e-08      5.90344e-09      1.15004e-09
1354      8.3664e-07      3.4128e-06      9.28852e-09      4.63125e-09      8.93853e-10
1373      6.51929e-07      2.72574e-06      7.1118e-09      3.53213e-09      6.74395e-10
1392      5.31042e-07      2.2607e-06      5.72115e-09      2.83356e-09      5.37129e-10
1411      4.27632e-07      1.85741e-06      4.54245e-09      2.24258e-09      4.21604e-10
1430      3.31293e-07      1.47585e-06      3.45638e-09      1.69928e-09      3.16094e-10
1449      2.69273e-07      1.22144e-06      2.77431e-09      1.36e-09      2.51252e-10
1468      2.15494e-07      9.9803e-07      2.18784e-09      1.06881e-09      1.95846e-10
1487      1.64972e-07      7.84709e-07      1.64322e-09      7.99091e-10      1.44869e-10
1506      1.36231e-07      6.58217e-07      1.34227e-09      6.51093e-10      1.17401e-10
1525      1.06618e-07      5.27473e-07      1.03276e-09      4.98916e-10      8.91536e-11
1544      8.01101e-08      4.07922e-07      7.59892e-10      3.65236e-10      6.45549e-11
1563      6.7627e-08      3.48705e-07      6.35891e-10      3.05025e-10      5.37078e-11
1582      5.13813e-08      2.7228e-07      4.73506e-10      2.2603e-10      3.94037e-11
1601      4.17972e-08      2.25317e-07      3.80453e-10      1.81089e-10      3.13981e-11
1620      3.25082e-08      1.79514e-07      2.90631e-10      1.37743e-10      2.3685e-11
1639      2.3893e-08      1.36113e-07      2.08624e-10      9.83205e-11      1.67261e-11
1658      2.02749e-08      1.16832e-07      1.75562e-10      8.25877e-11      1.40082e-11
1677      1.49745e-08      8.89554e-08      1.2665e-10      5.92501e-11      9.94977e-12
1696      1.24567e-08      7.50153e-08      1.04281e-10      4.86762e-11      8.14523e-12
1715      9.27213e-09      5.74987e-08      7.58459e-11      3.52153e-11      5.83912e-12
1734      7.53416e-09      4.74917e-08      6.08539e-11      2.81772e-11      4.65248e-12
1753      5.67212e-09      3.67583e-08      4.48023e-11      2.06413e-11      3.38065e-12
1772      4.48364e-09      2.96335e-08      3.48635e-11      1.60087e-11      2.60891e-12
1791      3.42817e-09      2.32422e-08      2.61027e-11      1.19315e-11      1.93106e-12
1810      2.62572e-09      1.82265e-08      1.96087e-11      8.92697e-12      1.43645e-12
1829      2.04701e-09      1.4535e-08      1.49983e-11      6.80108e-12      1.08828e-12
1848      1.51725e-09      1.10763e-08      1.08586e-11      4.90051e-12      7.79083e-13
1867      1.20732e-09      8.9884e-09      8.49634e-12      3.82168e-12      6.04979e-13
1886      8.75327e-10      6.71784e-09      5.99913e-12      2.68452e-12      4.22166e-13
1905      7.02921e-10      5.49346e-09      4.74167e-12      2.11552e-12      3.3153e-13
1924      5.1198e-10      4.12018e-09      3.36493e-12      1.49404e-12      2.32813e-13
1943      4.03529e-10      3.31485e-09      2.60353e-12      1.15211e-12      1.78875e-13
1962      3.00032e-10      2.52966e-09      1.89086e-12      8.33314e-13      1.28825e-13
1981      2.28015e-10      1.97178e-09      1.40363e-12      6.16053e-13      9.48386e-14
2000      1.73782e-10      1.53676e-09      1.04818e-12      4.58517e-13      7.03761e-14
