m_sq,dd,uu,ss,cc,bb,at_factorization_and           _renorm_scale:q=m_sg
100      0.974088      1.54556      0.0624925      0.0315396      0.0115464
138      0.194784      0.32426      0.0087706      0.00447969      0.00154418
157      0.0949967      0.162507      0.00368954      0.00189688      0.00063398
176      0.0492697      0.0866917      0.00168977      0.000874083      0.000283798
195      0.0261164      0.0473899      0.000799507      0.000415866      0.000131039
214      0.0141829      0.0265966      0.000392191      0.000204965      6.26772e-05
233      0.00788765      0.0153105      0.000199318      0.000104561      3.10482e-05
252      0.00443857      0.00893714      0.000103299      5.4345e-05      1.56662e-05
271      0.00250265      0.00524156      5.39308e-05      2.84274e-05      7.94932e-06
290      0.00145539      0.00316858      2.93681e-05      1.54956e-05      4.21381e-06
309      0.000845201      0.00191712      1.60281e-05      8.45792e-06      2.23542e-06
328      0.000492475      0.00116562      8.81444e-06      4.64784e-06      1.19406e-06
347      0.000286764      0.000709515      4.86025e-06      2.55869e-06      6.38921e-07
366      0.000165179      0.000428459      2.65526e-06      1.39432e-06      3.38143e-07
385      9.91517e-05      0.00026856      1.52552e-06      7.98789e-07      1.88945e-07
404      5.70901e-05      0.000162514      8.37709e-07      4.36854e-07      1.00441e-07
423      3.36789e-05      0.000100533      4.73876e-07      2.46027e-07      5.51298e-08
442      1.99197e-05      6.2362e-05      2.6938e-07      1.39164e-07      3.0421e-08
461      1.16862e-05      3.84273e-05      1.51983e-07      7.80739e-08      1.66494e-08
480      6.81023e-06      2.35474e-05      8.52297e-08      4.3509e-08      9.05337e-09
499      3.93824e-06      1.43348e-05      4.74439e-08      2.40535e-08      4.88481e-09
518      2.25107e-06      8.63901e-06      2.60981e-08      1.31319e-08      2.6029e-09
537      1.26482e-06      5.12891e-06      1.40989e-08      7.03557e-09      1.36087e-09
556      7.50743e-07      3.19013e-06      8.09955e-09      4.01284e-09      7.61377e-10
575      4.24533e-07      1.90344e-06      4.41011e-09      2.16605e-09      4.02029e-10
594      2.29265e-07      1.09089e-06      2.28315e-09      1.11023e-09      2.0125e-10
613      1.34828e-07      6.72219e-07      1.29904e-09      6.26768e-10      1.11714e-10
632      7.13515e-08      3.78194e-07      6.57455e-10      3.13829e-10      5.47051e-11
651      4.10186e-08      2.28227e-07      3.6472e-10      1.72643e-10      2.96204e-11
670      2.07565e-08      1.23337e-07      1.75521e-10      8.21102e-11      1.37873e-11
689      1.18075e-08      7.36605e-08      9.6151e-11      4.46008e-11      7.38502e-12
708      6.3318e-09      4.17497e-08      4.93337e-11      2.26637e-11      3.69618e-12
727      3.08482e-09      2.17858e-08      2.27022e-11      1.0303e-11      1.65018e-12
746      1.67578e-09      1.24729e-08      1.17961e-11      5.3062e-12      8.40014e-13
765      8.75707e-10      6.89646e-09      5.86881e-12      2.61538e-12      4.09355e-13
784      4.29729e-10      3.60671e-09      2.72001e-12      1.19969e-12      1.85635e-13
803      1.89778e-10      1.72252e-09      1.11631e-12      4.86221e-13      7.43058e-14
822      9.50231e-11      9.15762e-10      5.28009e-13      2.27965e-13      3.46021e-14
841      4.61615e-11      4.73727e-10      2.41357e-13      1.03296e-13      1.55947e-14
860      2.17167e-11      2.38091e-10      1.06401e-13      4.51465e-14      6.79036e-15
879      9.87715e-12      1.16124e-10      4.51529e-14      1.89986e-14      2.85241e-15
898      4.33658e-12      5.49038e-11      1.84156e-14      7.68657e-15      1.15459e-15
917      1.83537e-12      2.51391e-11      7.20758e-15      2.98583e-15      4.49877e-16
936      7.47363e-13      1.11314e-11      2.70157e-15      1.11149e-15      1.68484e-16
955      2.91811e-13      4.75354e-12      9.6617e-16      3.95105e-16      6.04596e-17
974      1.08596e-13      1.94789e-12      3.27499e-16      1.33254e-16      2.06643e-17
993      3.81585e-14      7.59918e-13      1.04132e-16      4.22096e-17      6.66374e-18
1012      1.24978e-14      2.79267e-13      3.06208e-17      1.23851e-17      2.00138e-18
1031      3.75327e-15      9.54294e-14      8.17929e-18      3.30804e-18      5.50775e-19
1050      1.0127e-15      2.98441e-14      1.94121e-18      7.87301e-19      1.3614e-19
1069      2.39315e-16      8.37518e-15      3.98126e-19      1.62562e-19      2.94829e-20
1088      4.79069e-17      2.06255e-15      6.80133e-20      2.81163e-20      5.41447e-21
1107      7.76073e-18      4.33806e-16      9.19016e-21      3.87851e-21      8.05798e-22
1126      3.34e-18      1.97979e-16      3.84129e-21      1.62867e-21      3.43252e-22
1145      5.10602e-19      4.0502e-17      4.80038e-22      2.10231e-22      4.85801e-23
1164      4.73926e-20      5.34176e-18      3.39384e-23      1.57495e-23      4.15612e-24
1183      2.08658e-21      3.66967e-19      9.25433e-25      4.97353e-25      1.68468e-25
1202      -2.07455e-23      9.53871e-21      -2.98948e-26      -1.14357e-26      -1.69608e-27
1221      -9.42862e-24      3.28394e-21      -1.14287e-26      -4.50911e-27      -7.58534e-28
1240      -2.025e-24      5.36135e-22      -8.00497e-28      -4.29316e-28      -1.4585e-28
1259      3.50257e-26      -7.71956e-24      1.65174e-29      8.06989e-30      2.37298e-30
1278      1.33173e-38      1.41159e-34      8.2341e-46      3.30383e-46      7.5402e-47
1297      5.0588e-39      2.56891e-35      3.7411e-47      2.4946e-46      -6.58224e-47
1316      0      0      0      0      0
1335      0      0      0      0      0
1354      0      0      0      0      0
1373      0      0      0      0      0
1392      0      0      0      0      0
1411      0      0      0      0      0
1430      0      0      0      0      0
1449      0      0      0      0      0
1468      0      0      0      0      0
1487      0      0      0      0      0
1506      0      0      0      0      0
1525      0      0      0      0      0
1544      0      0      0      0      0
1563      0      0      0      0      0
1582      0      0      0      0      0
1601      0      0      0      0      0
1620      0      0      0      0      0
1639      0      0      0      0      0
1658      0      0      0      0      0
1677      0      0      0      0      0
1696      0      0      0      0      0
1715      0      0      0      0      0
1734      0      0      0      0      0
1753      0      0      0      0      0
1772      0      0      0      0      0
1791      0      0      0      0      0
1810      0      0      0      0      0
1829      0      0      0      0      0
1848      0      0      0      0      0
1867      0      0      0      0      0
1886      0      0      0      0      0
1905      0      0      0      0      0
1924      0      0      0      0      0
1943      0      0      0      0      0
1962      0      0      0      0      0
1981      0      0      0      0      0
2000      0      0      0      0      0
