m_sq,dd,uu,ss,cc,bb,at_factorization_and           _renorm_scale:q=m_sg
100      487.766      685.013      115.701      59.6419      24.2551
138      155.374      222.391      31.2468      15.9989      6.52925
157      96.9216      139.812      18.0566      9.21524      3.75338
176      63.7761      92.6328      11.0651      5.63197      2.28747
195      43.4686      63.5361      7.04142      3.57505      1.44653
214      30.4853      44.8213      4.62069      2.34068      0.942837
233      22.0362      32.574      3.13813      1.58684      0.636318
252      16.234      24.1207      2.17547      1.09829      0.438225
271      12.1291      18.1114      1.53058      0.77157      0.306166
290      9.30671      13.96      1.11223      0.560185      0.221221
309      7.2143      10.8695      0.817049      0.411191      0.161538
328      5.65353      8.555      0.607568      0.305574      0.119401
347      4.47073      6.79415      0.456369      0.229417      0.089144
366      3.57294      5.45249      0.347111      0.174445      0.0674106
385      2.89366      4.4336      0.268387      0.134879      0.0518523
404      2.35458      3.62222      0.208564      0.10482      0.0400784
423      1.92102      2.96743      0.162438      0.0816455      0.0310353
442      1.58932      2.46465      0.128824      0.0647742      0.0244946
461      1.32047      2.05581      0.102662      0.0516422      0.0194248
480      1.1019      1.72234      0.0822337      0.0413879      0.0154836
499      0.923205      1.4488      0.0661832      0.0333298      0.0124004
518      0.775966      1.22268      0.053465      0.0269429      0.0099678
537      0.654554      1.03562      0.0433809      0.0218773      0.00804784
556      0.560729      0.890509      0.0359376      0.0181401      0.00664206
575      0.476946      0.760595      0.0294657      0.0148862      0.00542001
594      0.405004      0.648689      0.0240962      0.0121845      0.00440944
613      0.350952      0.564254      0.0202555      0.010253      0.00369374
632      0.299751      0.484094      0.0166872      0.00845528      0.00302753
651      0.260822      0.422884      0.0140999      0.00715211      0.00254904
670      0.224461      0.365572      0.0117331      0.00595799      0.00211096
689      0.195455      0.319668      0.00991982      0.00504284      0.0017777
708      0.170532      0.280093      0.00840896      0.00427963      0.00150103
727      0.147106      0.2428      0.00701767      0.00357567      0.00124619
746      0.129306      0.214324      0.00600803      0.00306476      0.00106304
765      0.113575      0.189077      0.00513834      0.00262416      0.00090566
784      0.0996294      0.166623      0.00438686      0.002243      0.000770018
803      0.0870144      0.146247      0.00372319      0.00190593      0.00065046
822      0.0763469      0.128945      0.00317952      0.00162954      0.000553012
841      0.0674889      0.114515      0.00274285      0.00140737      0.000475207
860      0.0596911      0.101765      0.002368      0.00121643      0.00040863
879      0.0528295      0.0905036      0.00204633      0.00105239      0.000351688
898      0.0467934      0.0805593      0.00177035      0.000911483      0.000303002
917      0.0414838      0.0717776      0.00153352      0.000790436      0.000261373
936      0.0368119      0.0640192      0.00133019      0.000686388      0.000225762
955      0.0326974      0.0571587      0.00115541      0.000596847      0.000195263
974      0.0290688      0.051083      0.00100489      0.00051965      0.000169097
993      0.0258626      0.045692      0.000874964      0.000452941      0.000146596
1012      0.0230237      0.0408978      0.000762532      0.000395147      0.000127196
1031      0.0205043      0.0366249      0.000664983      0.000344947      0.000110429
1050      0.018264      0.0328084      0.000580147      0.00030124      9.59012e-05
1069      0.0162683      0.029393      0.000506213      0.000263107      8.32894e-05
1088      0.0144876      0.0263316      0.000441668      0.00022978      7.23223e-05
1107      0.0131037      0.0239343      0.000393217      0.000204745      6.41683e-05
1126      0.011774      0.0216249      0.000347124      0.000180901      5.64109e-05
1145      0.0105473      0.019486      0.000305288      0.000159234      4.93868e-05
1164      0.0094308      0.0175306      0.000267904      0.000139853      4.3131e-05
1183      0.00841912      0.0157502      0.000234673      0.000122606      3.75908e-05
1202      0.00754145      0.0141965      0.000206504      0.000107973      3.29204e-05
1221      0.00685927      0.0129786      0.000185281      9.69415e-05      2.94353e-05
1240      0.00616137      0.0117311      0.000163645      8.56821e-05      2.5875e-05
1259      0.00551239      0.0105659      0.000143839      7.53651e-05      2.26255e-05
1278      0.00491727      0.00949184      0.000125999      6.60626e-05      1.97099e-05
1297      0.00450135      0.00873199      0.000114023      5.98162e-05      1.7781e-05
1316      0.00404805      0.0079045      0.00010092      5.29739e-05      1.566e-05
1335      0.00361988      0.00711937      8.87176e-05      4.65959e-05      1.36904e-05
1354      0.00328808      0.00650482      7.95449e-05      4.1799e-05      1.22253e-05
1373      0.00297622      0.00592509      7.10066e-05      3.73305e-05      1.08638e-05
1392      0.00266638      0.00534736      6.2597e-05      3.29253e-05      9.52379e-06
1411      0.00241141      0.00486772      5.58463e-05      2.9387e-05      8.4572e-06
1430      0.00219328      0.00445458      5.01711e-05      2.6411e-05      7.56562e-06
1449      0.00196553      0.00402253      4.42683e-05      2.33127e-05      6.63724e-06
1468      0.00178501      0.0036765      3.97135e-05      2.0921e-05      5.92808e-06
1487      0.0016199      0.00335847      3.55928e-05      1.87562e-05      5.2884e-06
1506      0.00144903      0.00302861      3.13526e-05      1.65265e-05      4.63009e-06
1525      0.00132737      0.00279035      2.84336e-05      1.49916e-05      4.1834e-06
1544      0.00119709      0.00253532      2.53013e-05      1.33431e-05      3.70243e-06
1563      0.00106682      0.00227925      2.21999e-05      1.17097e-05      3.22721e-06
1582      0.000986159      0.00211756      2.0359e-05      1.07406e-05      2.95074e-06
1601      0.000883047      0.00191223      1.79707e-05      9.48183e-06      2.58833e-06
1620      0.000809457      0.00176342      1.63195e-05      8.61167e-06      2.34142e-06
1639      0.000729852      0.00160258      1.45285e-05      7.66715e-06      2.07265e-06
1658      0.000659676      0.00145959      1.29766e-05      6.84843e-06      1.84134e-06
1677      0.000602441      0.00134184      1.17329e-05      6.19233e-06      1.65743e-06
1696      0.000536914      0.00120713      1.03076e-05      5.43976e-06      1.44603e-06
1715      0.000496725      0.0011227      9.46735e-06      4.99648e-06      1.32396e-06
1734      0.000444029      0.00101287      8.34916e-06      4.40581e-06      1.15975e-06
1753      0.000409231      0.000938913      7.63559e-06      4.02917e-06      1.05684e-06
1772      0.000366956      0.000849538      6.76026e-06      3.56665e-06      9.29615e-07
1791      0.000337015      0.000785127      6.15821e-06      3.24874e-06      8.43463e-07
1810      0.000303091      0.000712347      5.47252e-06      2.88637e-06      7.44852e-07
1829      0.000277581      0.000656763      4.96972e-06      2.62079e-06      6.73507e-07
1848      0.000250224      0.000597196      4.42957e-06      2.33531e-06      5.96648e-07
1867      0.000228793      0.000549861      4.01575e-06      2.11671e-06      5.38469e-07
1886      0.000206488      0.000500573      3.58508e-06      1.88909e-06      4.77822e-07
1905      0.000188794      0.000460919      3.25058e-06      1.7124e-06      4.31266e-07
1924      0.000170314      0.000419489      2.90114e-06      1.52774e-06      3.82548e-07
1943      0.000155961      0.000386818      2.63564e-06      1.38752e-06      3.45996e-07
1962      0.000140388      0.000351414      2.34692e-06      1.23496e-06      3.06126e-07
1981      0.000128918      0.000324872      2.13939e-06      1.12541e-06      2.77887e-07
2000      0.000115622      0.000294221      1.89745e-06      9.97594e-07      2.44788e-07
