m_sq,dd,uu,ss,cc,bb,at_factorization_and           _renorm_scale:q=m_sg
100      12.9694      19.128      1.88986      0.955228      0.382932
138      3.63746      5.48241      0.408511      0.205375      0.0804725
157      2.14669      3.26646      0.215114      0.108049      0.0418423
176      1.32082      2.02856      0.118771      0.0596435      0.022812
195      0.847267      1.31303      0.0689621      0.0346503      0.0130933
214      0.559119      0.874322      0.0414195      0.0208341      0.0077763
233      0.378621      0.597442      0.0256788      0.0129365      0.00476973
252      0.261598      0.416597      0.0163219      0.0082383      0.00300028
271      0.185582      0.29823      0.0107397      0.0054328      0.00195602
290      0.131828      0.213936      0.00706702      0.00358334      0.00127374
309      0.0958576      0.157072      0.00479851      0.00243925      0.000856899
328      0.0702728      0.116315      0.00329274      0.00167818      0.000582444
347      0.0521861      0.0872669      0.00229925      0.00117492      0.000403
366      0.0391783      0.0662016      0.00162922      0.000834726      0.000283009
385      0.0293196      0.0501078      0.00114956      0.000590535      0.000197685
404      0.0224061      0.0387108      0.000834723      0.000429886      0.000142292
423      0.0171342      0.0299449      0.000606863      0.000313311      0.000102484
442      0.0130966      0.0231702      0.000441134      0.000228301      7.37483e-05
461      0.0100682      0.0180372      0.000323316      0.000167713      5.35057e-05
480      0.00781066      0.0141698      0.00024      0.000124763      3.93303e-05
499      0.00609659      0.0112019      0.000179716      9.36133e-05      2.91668e-05
518      0.00480582      0.00894169      0.000136397      7.11788e-05      2.19333e-05
537      0.00377555      0.00711942      0.000103126      5.39099e-05      1.64173e-05
556      0.00296067      0.0056622      7.78449e-05      4.07595e-05      1.22608e-05
575      0.00231517      0.00449435      5.86055e-05      3.07312e-05      9.12604e-06
594      0.00185804      0.00365453      4.56301e-05      2.39565e-05      7.0412e-06
613      0.00146141      0.00291927      3.46579e-05      1.82171e-05      5.28652e-06
632      0.00117255      0.00237535      2.70109e-05      1.42112e-05      4.07999e-06
651      0.000924785      0.00190405      2.06183e-05      1.08572e-05      3.07736e-06
670      0.000745264      0.00155673      1.61769e-05      8.52418e-06      2.39064e-06
689      0.000585741      0.00124511      1.23158e-05      6.49312e-06      1.79674e-06
708      0.000474388      0.00102332      9.73303e-06      5.13345e-06      1.40588e-06
727      0.000382422      0.00083782      7.65333e-06      4.0376e-06      1.0938e-06
746      0.000304687      0.000679078      5.93684e-06      3.13232e-06      8.38263e-07
765      0.000243621      0.000552378      4.62753e-06      2.44139e-06      6.45587e-07
784      0.000197328      0.000454601      3.66572e-06      1.93368e-06      5.05949e-07
803      0.000159436      0.000373414      2.89682e-06      1.52765e-06      3.95394e-07
822      0.000128456      0.000306046      2.28271e-06      1.20328e-06      3.07983e-07
841      0.000103087      0.000250033      1.79135e-06      9.43706e-07      2.38765e-07
860      8.15e-05      0.000201684      1.38194e-06      7.27397e-07      1.81634e-07
879      6.60014e-05      0.000166178      1.09722e-06      5.77071e-07      1.42573e-07
898      5.34002e-05      0.00013684      8.70599e-07      4.57458e-07      1.11819e-07
917      4.31671e-05      0.00011262      6.90383e-07      3.6238e-07      8.7633e-08
936      3.48648e-05      9.26352e-05      5.47154e-07      2.86859e-07      6.8627e-08
955      2.81334e-05      7.61504e-05      4.33356e-07      2.269e-07      5.36994e-08
974      2.26777e-05      6.25531e-05      3.42947e-07      1.79304e-07      4.19778e-08
993      1.82569e-05      5.1336e-05      2.71113e-07      1.41525e-07      3.27745e-08
1012      1.46753e-05      4.20807e-05      2.14032e-07      1.11537e-07      2.55491e-08
1031      1.17743e-05      3.44432e-05      1.68673e-07      8.77374e-08      1.98777e-08
1050      9.73732e-06      2.89387e-05      1.37635e-07      7.14887e-08      1.60669e-08
1069      7.90914e-06      2.39441e-05      1.1005e-07      5.70558e-08      1.26991e-08
1088      6.3891e-06      1.97205e-05      8.74703e-08      4.52579e-08      9.97156e-09
1107      5.13811e-06      1.61808e-05      6.91917e-08      3.5722e-08      7.7888e-09
1126      4.11379e-06      1.32268e-05      5.44764e-08      2.80583e-08      6.05274e-09
1145      3.27845e-06      1.07695e-05      4.26812e-08      2.19272e-08      4.6787e-09
1164      2.59988e-06      8.73171e-06      3.32664e-08      1.70437e-08      3.5963e-09
1183      2.16695e-06      7.3876e-06      2.7423e-08      1.40249e-08      2.93951e-09
1202      1.74674e-06      6.07504e-06      2.17743e-08      1.11076e-08      2.30574e-09
1221      1.3913e-06      4.94477e-06      1.70636e-08      8.67941e-09      1.78294e-09
1240      1.09814e-06      3.99331e-06      1.32408e-08      6.71366e-09      1.36406e-09
1259      8.97035e-07      3.32043e-06      1.06792e-08      5.40179e-09      1.08891e-09
1278      7.2828e-07      2.7472e-06      8.55298e-09      4.31481e-09      8.62432e-10
1297      5.77068e-07      2.22608e-06      6.66821e-09      3.35296e-09      6.63334e-10
1316      4.50983e-07      1.78237e-06      5.12103e-09      2.5656e-09      5.01994e-10
1335      3.73527e-07      1.49947e-06      4.19609e-09      2.09748e-09      4.07827e-10
1354      2.98243e-07      1.22292e-06      3.30028e-09      1.64432e-09      3.1678e-10
1373      2.32536e-07      9.77128e-07      2.52869e-09      1.255e-09      2.39207e-10
1392      1.88979e-07      8.08595e-07      2.02941e-09      1.00439e-09      1.90062e-10
1411      1.51971e-07      6.634e-07      1.60916e-09      7.93857e-10      1.48994e-10
1430      1.17821e-07      5.27405e-07      1.22546e-09      6.0206e-10      1.11817e-10
1449      9.55427e-08      4.35513e-07      9.81303e-10      4.80704e-10      8.86665e-11
1468      7.63746e-08      3.55422e-07      7.7302e-10      3.77372e-10      6.90435e-11
1487      5.85346e-08      2.79708e-07      5.81318e-10      2.82502e-10      5.11434e-11
1506      4.81795e-08      2.33887e-07      4.73258e-10      2.29402e-10      4.13048e-11
1525      3.77033e-08      1.87384e-07      3.6413e-10      1.75789e-10      3.13699e-11
1544      2.83787e-08      1.45131e-07      2.68425e-10      1.28934e-10      2.27607e-11
1563      2.38524e-08      1.23545e-07      2.23614e-10      1.07191e-10      1.88496e-11
1582      1.81429e-08      9.65558e-08      1.66719e-10      7.95337e-11      1.38487e-11
1601      1.47189e-08      7.96939e-08      1.33582e-10      6.3541e-11      1.10038e-11
1620      1.14466e-08      6.34772e-08      1.02042e-10      4.83321e-11      8.30143e-12
1639      8.43195e-09      4.82261e-08      7.34239e-11      3.45831e-11      5.87735e-12
1658      7.12214e-09      4.12113e-08      6.14938e-11      2.89101e-11      4.8985e-12
1677      5.27026e-09      3.14301e-08      4.44527e-11      2.07842e-11      3.487e-12
1696      4.36721e-09      2.64067e-08      3.64552e-11      1.70064e-11      2.843e-12
1715      3.25539e-09      2.02648e-08      2.65564e-11      1.23233e-11      2.04159e-12
1734      2.63733e-09      1.66902e-08      2.12413e-11      9.82971e-12      1.6216e-12
1753      1.98711e-09      1.29258e-08      1.56529e-11      7.20772e-12      1.17955e-12
1772      1.56769e-09      1.04008e-08      1.21557e-11      5.57863e-12      9.08417e-13
1791      1.19864e-09      8.15616e-09      9.10196e-12      4.15836e-12      6.72526e-13
1810      9.17335e-10      6.39099e-09      6.83176e-12      3.1086e-12      4.99859e-13
1829      7.14458e-10      5.09107e-09      5.22074e-12      2.36621e-12      3.78387e-13
1848      5.29746e-10      3.88071e-09      3.78113e-12      1.70561e-12      2.70995e-13
1867      4.20709e-10      3.1429e-09      2.95281e-12      1.32757e-12      2.10038e-13
1886      3.05323e-10      2.35105e-09      2.08709e-12      9.33528e-13      1.4673e-13
1905      2.44587e-10      1.91784e-09      1.64558e-12      7.33866e-13      1.14951e-13
1924      1.7824e-10      1.43906e-09      1.16841e-12      5.18558e-13      8.07694e-14
1943      1.40229e-10      1.15561e-09      9.0242e-13      3.99176e-13      6.19501e-14
1962      1.04208e-10      8.81426e-10      6.55022e-13      2.88556e-13      4.45914e-14
1981      7.91477e-11      6.86534e-10      4.86001e-13      2.13227e-13      3.28142e-14
2000      6.02246e-11      5.34242e-10      3.62302e-13      1.58426e-13      2.43082e-14
