m_sq,dd,uu,ss,cc,bb,at_factorization_and           _renorm_scale:q=m_sg
100      0.58163      0.922807      0.0372758      0.0188124      0.00688522
138      0.11627      0.19358      0.00522772      0.00267017      0.000920078
157      0.0566907      0.097      0.00219848      0.00113033      0.000377623
176      0.0293872      0.051725      0.00100635      0.000520584      0.000168947
195      0.0155699      0.0282648      0.000475948      0.000247573      7.79729e-05
214      0.00845109      0.0158564      0.000233368      0.000121965      3.72776e-05
233      0.00469737      0.00912351      0.000118545      6.21891e-05      1.8457e-05
252      0.00264188      0.0053231      6.14096e-05      3.23073e-05      9.30864e-06
271      0.00148888      0.00312063      3.20486e-05      1.68929e-05      4.7215e-06
290      0.000865318      0.00188539      1.74431e-05      9.20332e-06      2.50149e-06
309      0.000502251      0.00114016      9.51551e-06      5.02108e-06      1.32644e-06
328      0.000292496      0.000692875      5.23064e-06      2.75798e-06      7.08223e-07
347      0.000170235      0.000421554      2.88296e-06      1.51766e-06      3.78804e-07
366      9.80174e-05      0.000254463      1.57448e-06      8.26733e-07      2.00411e-07
385      5.88046e-05      0.000159409      9.04153e-07      4.73396e-07      1.11934e-07
404      3.38463e-05      9.64268e-05      4.96339e-07      2.58814e-07      5.94846e-08
423      1.99577e-05      5.96226e-05      2.80656e-07      1.45699e-07      3.26375e-08
442      1.17992e-05      3.6968e-05      1.59483e-07      8.23833e-08      1.80034e-08
461      6.91961e-06      2.27703e-05      8.99494e-08      4.62033e-08      9.8502e-09
480      4.03105e-06      1.39478e-05      5.04264e-08      2.57401e-08      5.35467e-09
499      2.33032e-06      8.48782e-06      2.8062e-08      1.4226e-08      2.88837e-09
518      1.33159e-06      5.11354e-06      1.54322e-08      7.76447e-09      1.53869e-09
537      7.47988e-07      3.03494e-06      8.33478e-09      4.15886e-09      8.04284e-10
556      4.43856e-07      1.88709e-06      4.7871e-09      2.37155e-09      4.49898e-10
575      2.50924e-07      1.12562e-06      2.60585e-09      1.2798e-09      2.37504e-10
594      1.35477e-07      6.44941e-07      1.34876e-09      6.5582e-10      1.18865e-10
613      7.9658e-08      3.97321e-07      7.6729e-10      3.70187e-10      6.59752e-11
632      4.2145e-08      2.23477e-07      3.88239e-10      1.85312e-10      3.22997e-11
651      2.42252e-08      1.34836e-07      2.15354e-10      1.01935e-10      1.74879e-11
670      1.22556e-08      7.28489e-08      1.03613e-10      4.84691e-11      8.13805e-12
689      6.97101e-09      4.35007e-08      5.67561e-11      2.63261e-11      4.3589e-12
708      3.73796e-09      2.46527e-08      2.91195e-11      1.3377e-11      2.18157e-12
727      1.82064e-09      1.28609e-08      1.33964e-11      6.07959e-12      9.73706e-13
746      9.88987e-10      7.36255e-09      6.96073e-12      3.13107e-12      4.95665e-13
765      5.16806e-10      4.07062e-09      3.46318e-12      1.54332e-12      2.41556e-13
784      2.53592e-10      2.12866e-09      1.60501e-12      7.07902e-13      1.09538e-13
803      1.11958e-10      1.01633e-09      6.58489e-13      2.8681e-13      4.38309e-14
822      5.60575e-11      5.40298e-10      3.11469e-13      1.34474e-13      2.04114e-14
841      2.72327e-11      2.79493e-10      1.4238e-13      6.09359e-14      9.19954e-15
860      1.28119e-11      1.4047e-10      6.27707e-14      2.6634e-14      4.00596e-15
879      5.82729e-12      6.85118e-11      2.66392e-14      1.12088e-14      1.68287e-15
898      2.55857e-12      3.2393e-11      1.08654e-14      4.53517e-15      6.81222e-16
917      1.0829e-12      1.48322e-11      4.25277e-15      1.76177e-15      2.65447e-16
936      4.40972e-13      6.5677e-12      1.59411e-15      6.55858e-16      9.94178e-17
955      1.72185e-13      2.80471e-12      5.70134e-16      2.33151e-16      3.5677e-17
974      6.40797e-14      1.14932e-12      1.93263e-16      7.86361e-17      1.21943e-17
993      2.25168e-14      4.48383e-13      6.14514e-17      2.49092e-17      3.93243e-18
1012      7.37475e-15      1.64778e-13      1.80702e-17      7.30877e-18      1.18105e-18
1031      2.21468e-15      5.63053e-14      4.82666e-18      1.9521e-18      3.2501e-19
1050      5.97525e-16      1.76076e-14      1.14544e-18      4.6456e-19      8.03303e-20
1069      1.41191e-16      4.94085e-15      2.34898e-19      9.59129e-20      1.73948e-20
1088      2.82608e-17      1.21665e-15      4.01233e-20      1.65867e-20      3.19411e-21
1107      4.57751e-18      2.55859e-16      5.42078e-21      2.28772e-21      4.75289e-22
1126      1.97274e-18      1.16911e-16      2.26907e-21      9.62049e-22      2.02747e-22
1145      3.01542e-19      2.3916e-17      2.83511e-22      1.24161e-22      2.86902e-23
1164      2.79808e-20      3.1536e-18      2.00382e-23      9.29888e-24      2.45381e-24
1183      1.23156e-21      2.16581e-19      5.46243e-25      2.93561e-25      9.94351e-26
1202      -1.22367e-23      5.62712e-21      -1.76367e-26      -6.74641e-27      -1.00046e-27
1221      -5.56797e-24      1.93976e-21      -6.75293e-27      -2.66406e-27      -4.47986e-28
1240      -1.19615e-24      3.16698e-22      -4.7285e-28      -2.53594e-28      -8.61518e-29
1259      2.06767e-26      -4.55721e-24      9.75073e-30      4.76389e-30      1.40083e-30
1278      7.85778e-39      8.32899e-35      4.85849e-46      1.94941e-46      4.44906e-47
1297      2.98993e-39      1.51832e-35      2.21113e-47      1.4744e-46      -3.89035e-47
1316      0      0      0      0      0
1335      0      0      0      0      0
1354      0      0      0      0      0
1373      0      0      0      0      0
1392      0      0      0      0      0
1411      0      0      0      0      0
1430      0      0      0      0      0
1449      0      0      0      0      0
1468      0      0      0      0      0
1487      0      0      0      0      0
1506      0      0      0      0      0
1525      0      0      0      0      0
1544      0      0      0      0      0
1563      0      0      0      0      0
1582      0      0      0      0      0
1601      0      0      0      0      0
1620      0      0      0      0      0
1639      0      0      0      0      0
1658      0      0      0      0      0
1677      0      0      0      0      0
1696      0      0      0      0      0
1715      0      0      0      0      0
1734      0      0      0      0      0
1753      0      0      0      0      0
1772      0      0      0      0      0
1791      0      0      0      0      0
1810      0      0      0      0      0
1829      0      0      0      0      0
1848      0      0      0      0      0
1867      0      0      0      0      0
1886      0      0      0      0      0
1905      0      0      0      0      0
1924      0      0      0      0      0
1943      0      0      0      0      0
1962      0      0      0      0      0
1981      0      0      0      0      0
2000      0      0      0      0      0
