m_sq,dd,uu,ss,cc,bb,at_factorization_and           _renorm_scale:q=m_sg
100      85.2741      120.97      18.132      9.17083      3.62501
138      26.553      38.3891      4.71278      2.37234      0.940513
157      16.4259      23.9337      2.68552      1.34896      0.5337
176      10.6653      15.6497      1.61394      0.809226      0.319125
195      7.19283      10.6229      1.01144      0.506371      0.198886
214      5.00391      7.43497      0.656197      0.328121      0.128291
233      3.57339      5.33982      0.438501      0.219065      0.0852357
252      2.60774      3.91808      0.300314      0.149931      0.0580369
271      1.93816      2.92734      0.209994      0.104794      0.0403469
290      1.46524      2.22423      0.149808      0.0747461      0.0286234
309      1.12303      1.71317      0.108581      0.0541761      0.0206316
328      0.871411      1.33576      0.079843      0.0398441      0.0150887
347      0.683541      1.05278      0.0594664      0.0296854      0.0111781
366      0.541433      0.83785      0.0448084      0.0223788      0.00837899
385      0.432883      0.673008      0.0341506      0.0170666      0.00635411
404      0.348712      0.544682      0.0262619      0.0131336      0.00486199
423      0.282871      0.443909      0.0203656      0.0101932      0.0037518
442      0.2311      0.364355      0.0159353      0.00798308      0.00292174
461      0.189906      0.300809      0.0125578      0.00629736      0.00229172
480      0.156899      0.249697      0.00996262      0.00500125      0.00180971
499      0.130276      0.208309      0.00795277      0.00399677      0.00143801
518      0.10866      0.174575      0.00638428      0.00321225      0.00114915
537      0.0910106      0.146924      0.00515211      0.00259542      0.000923164
556      0.0766184      0.124284      0.00418649      0.00211163      0.000746927
575      0.0646847      0.10544      0.00341315      0.00172376      0.000606264
594      0.0547651      0.0897148      0.00279233      0.00141205      0.000493765
613      0.0465958      0.0767088      0.00230029      0.00116477      0.000405063
632      0.0396991      0.0656877      0.00189736      0.000962025      0.00033263
651      0.0339703      0.0564926      0.00157462      0.000799458      0.000274903
670      0.0291057      0.0486544      0.00130849      0.000665233      0.000227439
689      0.0250275      0.042054      0.00109284      0.000556338      0.000189156
708      0.0215666      0.0364291      0.000915259      0.000466559      0.000157748
727      0.0186031      0.0315932      0.000767345      0.000391679      0.000131666
746      0.0161081      0.0275023      0.000646894      0.000330631      0.000110536
765      0.0139702      0.0239817      0.000546489      0.000279676      9.29839e-05
784      0.0121347      0.0209457      0.000462597      0.000237048      7.83714e-05
803      0.0105534      0.0183186      0.000392195      0.000201227      6.61514e-05
822      0.00919752      0.0160553      0.000333497      0.000171324      5.60061e-05
841      0.00803306      0.0141021      0.000284446      0.000146305      4.75645e-05
860      0.00702589      0.0124048      0.000243073      0.000125175      4.0471e-05
879      0.0061534      0.0109274      0.000208108      0.000107294      3.44986e-05
898      0.00539641      0.00963942      0.000178499      9.21343e-05      2.94606e-05
917      0.00473863      0.00851468      0.000153375      7.92553e-05      2.52025e-05
936      0.00416619      0.00753097      0.000132016      6.82925e-05      2.15965e-05
955      0.00366726      0.00666923      0.000113821      5.89425e-05      1.85369e-05
974      0.00323174      0.00591315      9.82896e-05      5.09521e-05      1.59357e-05
993      0.00285098      0.00524872      8.5006e-05      4.41101e-05      1.37199e-05
1012      0.00251761      0.00466391      7.36221e-05      3.82399e-05      1.18285e-05
1031      0.0022253      0.00414839      6.38471e-05      3.31938e-05      1.02111e-05
1050      0.0019686      0.00369327      5.54376e-05      2.88478e-05      8.82518e-06
1069      0.00174287      0.00329087      4.81894e-05      2.50979e-05      7.63555e-06
1088      0.00154409      0.00293458      4.19308e-05      2.18567e-05      6.61256e-06
1107      0.00137144      0.00262314      3.66191e-05      1.9103e-05      5.74915e-06
1126      0.00121826      0.00234535      3.19856e-05      1.66986e-05      4.9986e-06
1145      0.00108258      0.00209797      2.79534e-05      1.46041e-05      4.34796e-06
1164      0.000962409      0.00187762      2.44441e-05      1.27796e-05      3.78397e-06
1183      0.000855863      0.00168115      2.13863e-05      1.11885e-05      3.29455e-06
1202      0.000761742      0.00150654      1.8734e-05      9.80707e-06      2.87196e-06
1221      0.000679777      0.00135339      1.64728e-05      8.62837e-06      2.51383e-06
1240      0.000606126      0.00121508      1.44679e-05      7.58243e-06      2.19724e-06
1259      0.00054042      0.00109098      1.27065e-05      6.66284e-06      1.92019e-06
1278      0.000481788      0.000979593      1.11588e-05      5.85418e-06      1.67773e-06
1297      0.000431182      0.000882645      9.85296e-06      5.17141e-06      1.47467e-06
1316      0.000385301      0.000794331      8.68178e-06      4.55864e-06      1.29299e-06
1335      0.000344141      0.000714649      7.64544e-06      4.01607e-06      1.13284e-06
1354      0.000308043      0.000644231      6.75339e-06      3.54875e-06      9.95827e-07
1373      0.000275858      0.000581044      5.96937e-06      3.13778e-06      8.75937e-07
1392      0.000246773      0.000523635      5.2691e-06      2.77051e-06      7.69209e-07
1411      0.000221016      0.000472425      4.65894e-06      2.45032e-06      6.76723e-07
1430      0.000198278      0.000426877      4.12891e-06      2.17206e-06      5.96836e-07
1449      0.000177572      0.00038519      3.65093e-06      1.921e-06      5.24994e-07
1468      0.000159291      0.000348096      3.23579e-06      1.70285e-06      4.62973e-07
1487      0.000143015      0.000314835      2.87128e-06      1.51124e-06      4.08787e-07
1506      0.000128156      0.000284314      2.54153e-06      1.33782e-06      3.59906e-07
1525      0.000115218      0.000257488      2.2597e-06      1.18957e-06      3.18445e-07
1544      0.000103451      0.000232958      2.00574e-06      1.05593e-06      2.81198e-07
1563      9.27014e-05      0.000210428      1.77586e-06      9.34917e-07      2.47587e-07
1582      8.35517e-05      0.000191024      1.58446e-06      8.34152e-07      2.19879e-07
1601      7.49852e-05      0.000172803      1.40591e-06      7.40122e-07      1.94043e-07
1620      6.75093e-05      0.000156746      1.25276e-06      6.59458e-07      1.72053e-07
1639      6.06891e-05      0.000142016      1.1142e-06      5.8646e-07      1.52217e-07
1658      5.45449e-05      0.000128653      9.90772e-07      5.21426e-07      1.34632e-07
1677      4.91472e-05      0.000116804      8.83953e-07      4.65142e-07      1.19519e-07
1696      4.41099e-05      0.000105707      7.84743e-07      4.12854e-07      1.05501e-07
1715      3.98238e-05      9.6142e-05      7.02037e-07      3.69275e-07      9.39363e-08
1734      3.57789e-05      8.70943e-05      6.24169e-07      3.28233e-07      8.3048e-08
1753      3.22881e-05      7.91944e-05      5.58155e-07      2.93447e-07      7.39022e-08
1772      2.90362e-05      7.18076e-05      4.96928e-07      2.61178e-07      6.54307e-08
1791      2.61941e-05      6.5283e-05      4.44239e-07      2.33417e-07      5.81996e-08
1810      2.35758e-05      5.92424e-05      3.95993e-07      2.07994e-07      5.15947e-08
1829      2.12635e-05      5.38556e-05      3.53959e-07      1.8585e-07      4.58815e-08
1848      1.91511e-05      4.89055e-05      3.15839e-07      1.65769e-07      4.07178e-08
1867      1.72721e-05      4.44621e-05      2.82341e-07      1.48127e-07      3.62101e-08
1886      1.55632e-05      4.03946e-05      2.52114e-07      1.3221e-07      3.21583e-08
1905      1.40391e-05      3.67344e-05      2.25466e-07      1.18182e-07      2.86091e-08
1924      1.26519e-05      3.33812e-05      2.01392e-07      1.05511e-07      2.54152e-08
1943      1.14182e-05      3.03709e-05      1.80234e-07      9.43792e-08      2.2627e-08
1962      1.02879e-05      2.75967e-05      1.60974e-07      8.4247e-08      2.00971e-08
1981      9.29107e-06      2.51245e-05      1.44204e-07      7.54302e-08      1.79114e-08
2000      8.3668e-06      2.28216e-05      1.28727e-07      6.72934e-08      1.58984e-08
