369.156      
373.54      
378.393      
383.254      
388.082      
392.556      
396.426      
399.803      
402.754      
405.086      
406.757      
407.783      
408.174      
408.043      
407.241      
405.968      
404.204      
402.01      
399.405      
396.451      
393.161      
389.599      
385.774      
381.734      
377.506      
373.118      
368.608      
363.928      
359.172      
354.357      
349.491      
344.585      
339.651      
334.701      
329.747      
324.8      
319.847      
314.94      
310.076      
305.229      
300.437      
295.69      
290.997      
286.363      
281.779      
277.261      
272.792      
268.405      
264.067      
259.821      
255.631      
251.51      
247.457      
243.473      
239.553      
235.717      
231.94      
228.229      
224.585      
221.006      
217.492      
214.044      
210.665      
207.345      
204.089      
200.896      
197.761      
194.687      
191.672      
188.715      
185.816      
182.971      
180.181      
177.445      
174.763      
172.131      
169.55      
167.024      
164.537      
162.107      
159.719      
157.383      
155.086      
152.833      
150.624      
148.457      
146.335      
144.249      
142.203      
140.195      
138.224      
136.296      
134.4      
132.537      
130.711      
128.918      
127.158      
125.43      
123.735      
122.07      
