277.375      
279.307      
281.442      
283.588      
285.777      
287.934      
290.012      
292.046      
293.862      
295.499      
296.899      
298.142      
299.266      
300.212      
300.923      
301.441      
301.739      
301.857      
301.758      
301.455      
300.964      
300.338      
299.548      
298.586      
297.504      
296.255      
294.876      
293.377      
291.77      
290.063      
288.251      
286.357      
284.402      
282.357      
280.249      
278.072      
275.85      
273.584      
271.277      
268.935      
266.557      
264.156      
261.73      
259.286      
256.82      
254.347      
251.869      
249.385      
246.899      
244.411      
241.917      
239.436      
236.958      
234.492      
232.036      
229.59      
227.156      
224.737      
222.333      
219.939      
217.57      
215.218      
212.884      
210.573      
208.278      
205.998      
203.761      
201.533      
199.321      
197.135      
194.974      
192.838      
190.731      
188.636      
186.574      
184.53      
182.505      
180.506      
178.533      
176.583      
174.656      
172.753      
170.873      
169.021      
167.182      
165.375      
163.586      
161.817      
160.077      
158.356      
156.657      
154.98      
153.325      
151.687      
150.079      
148.486      
146.915      
145.365      
143.839      
142.328      
