455.59      
447.179      
437.141      
425.965      
413.848      
401.019      
387.754      
374.186      
360.508      
346.844      
333.316      
319.993      
306.946      
294.232      
281.883      
269.928      
258.388      
247.303      
236.612      
226.343      
216.506      
207.091      
198.118      
189.501      
181.252      
173.412      
165.926      
158.784      
151.98      
145.489      
139.307      
133.384      
127.767      
122.409      
117.316      
112.449      
107.815      
103.398      
99.1906      
95.1778      
91.3401      
87.691      
84.218      
80.89      
77.7189      
74.7024      
71.8125      
69.0432      
66.399      
63.8836      
61.4831      
59.1724      
56.9776      
54.8743      
52.8619      
50.9368      
49.0943      
47.3283      
45.6393      
44.0197      
42.4679      
40.9827      
39.5575      
38.1927      
36.8836      
35.6278      
34.4224      
33.2658      
32.1579      
31.0915      
30.0673      
29.0832      
28.1375      
27.2285      
26.3527      
25.5124      
24.7038      
23.9254      
23.178      
22.4552      
21.7626      
21.0957      
20.4521      
19.8332      
19.237      
18.661      
18.1099      
17.5743      
17.0567      
16.5583      
16.0782      
15.614      
15.1668      
14.7321      
14.3144      
13.9109      
13.5176      
13.1411      
12.7771      
12.4244      
