1508.7      
1309.52      
1151.59      
1022.16      
913.533      
823.259      
742.544      
673.781      
613.779      
560.028      
515.938      
470.492      
432.372      
396.667      
367.002      
339.01      
313.371      
290.116      
268.631      
248.716      
230.86      
214.177      
198.911      
184.693      
172.047      
160.108      
149.147      
138.982      
129.445      
120.854      
112.686      
105.206      
97.9756      
91.4507      
85.4016      
79.4753      
74.512      
69.613      
65.0563      
60.7747      
56.8124      
53.1452      
49.657      
46.405      
43.3907      
40.6273      
37.998      
35.545      
33.233      
31.0664      
29.0487      
27.1934      
25.3913      
23.7093      
22.2648      
20.8267      
19.476      
18.2107      
17.0295      
15.9346      
14.9145      
13.9533      
13.038      
12.188      
11.4191      
10.6508      
9.96014      
9.3203      
8.72824      
8.14912      
7.61059      
7.10857      
6.64022      
6.20427      
5.7957      
5.41078      
5.02646      
4.72394      
4.41034      
4.11905      
3.84776      
3.58892      
3.34863      
3.12461      
2.9159      
2.72123      
2.5377      
2.36878      
2.20779      
2.05981      
1.92048      
1.7898      
1.66659      
1.55225      
1.44588      
1.34673      
1.25509      
1.16854      
1.08858      
1.01459      
