351.226      
344.695      
337.039      
328.456      
319.119      
309.277      
299.015      
288.579      
278.036      
267.504      
257.064      
246.787      
236.73      
226.909      
217.372      
208.148      
199.235      
190.675      
182.416      
174.475      
166.878      
159.615      
152.673      
146.016      
139.655      
133.589      
127.803      
122.292      
117.039      
112.022      
107.245      
102.666      
98.3379      
94.2012      
90.2622      
86.5125      
82.9362      
79.5277      
76.2787      
73.1851      
70.2324      
67.4174      
64.7252      
62.17      
59.7115      
57.3918      
55.1608      
53.0363      
50.9998      
49.0591      
47.2048      
45.4265      
43.7304      
42.1104      
40.5654      
39.0829      
37.6629      
36.3051      
35.0034      
33.7568      
32.5643      
31.4217      
30.325      
29.2736      
28.2668      
27.301      
26.3744      
25.4862      
24.6336      
23.8138      
23.0265      
22.2705      
21.5438      
20.847      
20.1743      
19.5288      
18.9064      
18.309      
17.7328      
17.1816      
16.6472      
16.1346      
15.6416      
15.1676      
14.71      
14.2681      
13.8421      
13.4304      
13.0352      
12.6532      
12.2873      
11.9314      
11.588      
11.2562      
10.9352      
10.626      
10.3273      
10.0387      
9.75731      
9.48783      
