587.679      
519.208      
463.01      
415.099      
374.476      
339.339      
308.113      
280.963      
256.801      
235.501      
216.107      
199.399      
183.084      
169.001      
156.104      
144.361      
133.924      
124.539      
115.069      
106.79      
99.2938      
92.25      
85.7625      
79.7067      
74.3981      
69.3293      
64.6962      
60.3501      
56.2628      
52.4728      
49.0216      
45.7669      
42.716      
39.9001      
37.289      
34.7271      
32.5693      
30.4544      
28.4699      
26.6207      
24.9018      
23.3021      
21.7886      
20.3631      
19.0494      
17.8397      
16.6951      
15.6223      
14.6096      
13.6614      
12.7769      
11.9641      
11.1734      
10.4723      
9.79754      
9.16904      
8.57518      
8.02056      
7.5011      
7.01931      
6.56905      
6.14628      
5.74338      
5.37011      
5.03158      
4.69278      
4.38888      
4.10523      
3.84566      
3.58941      
3.35389      
3.1317      
2.92551      
2.73267      
2.55254      
2.38288      
2.21294      
2.08      
1.94171      
1.8133      
1.69372      
1.57948      
1.47358      
1.37482      
1.28275      
1.19704      
1.11608      
1.04151      
0.970667      
0.905533      
0.843697      
0.786576      
0.732282      
0.681967      
0.635073      
0.591356      
0.551044      
0.51298      
0.477793      
0.44455      
