1108.91      
969.728      
856.991      
763.131      
684.069      
618.393      
557.279      
506.16      
461.133      
420.671      
385.324      
353.804      
324.52      
297.472      
275.221      
253.993      
234.798      
217.224      
201.089      
186.26      
172.691      
160.135      
148.65      
137.897      
128.47      
119.526      
111.275      
103.646      
96.507      
89.9229      
83.9064      
78.3295      
72.9234      
68.0268      
63.5017      
59.0874      
55.3582      
51.6973      
48.2859      
45.0954      
42.1465      
39.4019      
36.8058      
34.3743      
32.1286      
30.0958      
28.1123      
26.2875      
24.5642      
22.9535      
21.4537      
20.0755      
18.7352      
17.4858      
16.4087      
15.3478      
14.3462      
13.4088      
12.533      
11.7225      
10.9659      
10.2548      
9.57856      
8.95003      
8.38228      
7.8143      
7.30575      
6.83177      
6.39536      
5.96804      
5.57289      
5.20151      
4.85701      
4.5349      
4.2347      
3.95159      
3.66873      
3.4471      
3.21643      
3.00257      
2.80301      
2.61339      
2.43744      
2.27327      
2.1203      
1.97794      
1.84352      
1.71976      
1.60229      
1.4942      
1.39214      
1.297      
1.20711      
1.12364      
1.04603      
0.973744      
0.907053      
0.844063      
0.785947      
0.731001      
