342.559      
338.533      
333.976      
328.894      
323.495      
317.741      
311.723      
305.456      
299.013      
292.442      
285.786      
279.075      
272.334      
265.598      
258.886      
252.224      
245.623      
239.108      
232.684      
226.364      
220.16      
214.075      
208.116      
202.287      
196.592      
191.035      
185.638      
180.355      
175.204      
170.199      
165.329      
160.598      
156      
151.542      
147.208      
142.982      
138.882      
134.925      
131.083      
127.357      
123.744      
120.242      
116.847      
113.556      
110.369      
107.274      
104.28      
101.381      
98.5584      
95.833      
93.1873      
90.6319      
88.1527      
85.7498      
83.4253      
81.1685      
78.983      
76.8648      
74.8081      
72.8171      
70.8865      
69.0145      
67.1964      
65.4368      
63.7306      
62.0736      
60.469      
58.9126      
57.4025      
55.936      
54.5168      
53.1378      
51.7963      
50.4978      
49.2355      
48.0145      
46.8265      
45.6729      
44.5477      
43.4627      
42.4063      
41.3799      
40.383      
39.4144      
38.4717      
37.5572      
36.6684      
35.803      
34.9632      
34.1452      
33.3513      
32.5794      
31.8286      
31.0971      
30.387      
29.6961      
29.0238      
28.3696      
27.7329      
27.1134      
