754.758      
661.951      
587.359      
524.361      
471.701      
426.682      
386.844      
352.411      
322.013      
294.769      
270.78      
249.063      
229.406      
211.763      
195.677      
180.965      
167.907      
155.76      
144.336      
133.943      
124.625      
115.826      
107.713      
100.267      
93.509      
87.1776      
81.3808      
75.9456      
70.7837      
66.0871      
61.7815      
57.7058      
53.898      
50.3499      
47.0839      
43.8796      
41.169      
38.5161      
36.0268      
33.7057      
31.5488      
29.5437      
27.6319      
25.8436      
24.1909      
22.6782      
21.2262      
19.8744      
18.5973      
17.4021      
16.2859      
15.2593      
14.2609      
13.3739      
12.5251      
11.7253      
10.973      
10.2698      
9.61078      
8.99943      
8.42865      
7.8918      
7.37942      
6.90331      
6.47287      
6.04116      
5.65326      
5.29373      
4.96048      
4.63336      
4.33176      
4.048      
3.78406      
3.53709      
3.30651      
3.089      
2.8712      
2.70015      
2.52229      
2.35708      
2.20268      
2.056      
1.91951      
1.7921      
1.67325      
1.56247      
1.45788      
1.36152      
1.26965      
1.18511      
1.10505      
1.03095      
0.960478      
0.894998      
0.834127      
0.777245      
0.724766      
0.675156      
0.629244      
0.586754      
