201.26      
198.82      
196.219      
193.286      
190.128      
186.767      
183.236      
179.58      
175.808      
171.953      
168.05      
164.113      
160.154      
156.193      
152.246      
148.327      
144.445      
140.61      
136.827      
133.107      
129.45      
125.861      
122.348      
118.911      
115.554      
112.28      
109.095      
105.976      
102.942      
99.9885      
97.1111      
94.3231      
91.6115      
88.969      
86.4103      
83.9202      
81.5103      
79.17      
76.9031      
74.7048      
72.5746      
70.5074      
68.5046      
66.5659      
64.6849      
62.8592      
61.0895      
59.3777      
57.7191      
56.1128      
54.5546      
53.0482      
51.5899      
50.1742      
48.8031      
47.474      
46.1857      
44.9376      
43.7292      
42.5579      
41.422      
40.321      
39.2537      
38.2179      
37.2147      
36.2397      
35.2966      
34.3811      
33.4912      
32.6297      
31.7962      
30.9869      
30.2012      
29.4388      
28.6986      
27.9802      
27.2813      
26.6043      
25.9462      
25.3075      
24.6879      
24.0862      
23.5017      
22.9339      
22.3825      
21.8466      
21.3258      
20.8197      
20.3268      
19.8487      
19.3839      
18.9312      
18.4919      
18.0645      
17.649      
17.2439      
16.8507      
16.4674      
16.0952      
15.733      
