1033.1      
898.824      
792.781      
706.144      
633.722      
572.519      
518.289      
471.959      
431.095      
394.519      
362.409      
333.902      
307.174      
283.588      
262.089      
242.642      
225.023      
208.599      
193.547      
179.746      
167.182      
155.418      
144.637      
134.62      
125.63      
117.17      
109.411      
102.134      
95.2239      
89.0227      
83.1807      
77.7112      
72.5734      
67.8533      
63.4781      
59.187      
55.5568      
51.9825      
48.6438      
45.5253      
42.6285      
39.9314      
37.3736      
34.9594      
32.737      
30.7142      
28.7458      
26.9257      
25.205      
23.5959      
22.0924      
20.7067      
19.2907      
18.1632      
17.0171      
15.9371      
14.9208      
13.9701      
13.0792      
12.2525      
11.4805      
10.7532      
10.0592      
9.41449      
8.82986      
8.24585      
7.72093      
7.23141      
6.77901      
6.33394      
5.92523      
5.53942      
5.17952      
4.84487      
4.53097      
4.23398      
3.93897      
3.70494      
3.46242      
3.23726      
3.02705      
2.82628      
2.63991      
2.46586      
2.30342      
2.15222      
2.00883      
1.8761      
1.75113      
1.63548      
1.52563      
1.42399      
1.32733      
1.2374      
1.15387      
1.07572      
1.00358      
0.935787      
0.87289      
0.813739      
