478.667      
484.35      
490.486      
496.565      
502.673      
508.322      
513.165      
517.285      
520.933      
523.797      
525.783      
526.948      
527.314      
526.94      
525.833      
524.056      
521.646      
518.702      
515.247      
511.323      
506.998      
502.316      
497.304      
492.032      
486.523      
480.843      
474.948      
468.889      
462.715      
456.468      
450.148      
443.808      
437.424      
431.01      
424.61      
418.224      
411.856      
405.528      
399.23      
392.997      
386.817      
380.689      
374.628      
368.65      
362.742      
356.927      
351.158      
345.505      
339.947      
334.456      
329.059      
323.756      
318.543      
313.41      
308.393      
303.436      
298.572      
293.795      
289.109      
284.505      
279.984      
275.547      
271.196      
266.926      
262.738      
258.628      
254.597      
250.644      
246.765      
242.962      
239.239      
235.582      
231.994      
228.475      
225.031      
221.647      
218.33      
215.075      
211.888      
208.759      
205.689      
202.676      
199.724      
196.827      
193.986      
191.199      
188.464      
185.786      
183.155      
180.573      
178.04      
175.554      
173.115      
170.721      
168.371      
166.065      
163.802      
161.581      
159.4      
157.26      
