778.844      
683.215      
606.514      
541.693      
487.683      
441.06      
400.138      
364.649      
333.236      
305.544      
280.406      
258.167      
237.693      
219.444      
202.772      
187.554      
174.09      
161.519      
149.693      
138.932      
129.36      
120.142      
111.758      
103.993      
97.0346      
90.4662      
84.4569      
78.8196      
73.4689      
68.593      
64.1191      
59.8935      
55.9419      
52.263      
48.8731      
45.5463      
42.7332      
39.9794      
37.3975      
34.9864      
32.7473      
30.6648      
28.6799      
26.8233      
25.1083      
23.5504      
22.0242      
20.6258      
19.2998      
18.0588      
16.9005      
15.8342      
14.7975      
13.8767      
12.9923      
12.1652      
11.3839      
10.6539      
9.96975      
9.33506      
8.74251      
8.18522      
7.65334      
7.15911      
6.71187      
6.26424      
5.86176      
5.48808      
5.14268      
4.80318      
4.49082      
4.19582      
3.92159      
3.66585      
3.42649      
3.20082      
2.9752      
2.79756      
2.61312      
2.44175      
2.28167      
2.12957      
1.98806      
1.85598      
1.73283      
1.61794      
1.50955      
1.40968      
1.31447      
1.22698      
1.14396      
1.06714      
0.994143      
0.926312      
0.86326      
0.804348      
0.750001      
0.698601      
0.651086      
0.606165      
