264.012      
260.794      
257.432      
253.525      
249.37      
244.952      
240.311      
235.5      
230.554      
225.477      
220.353      
215.185      
209.991      
204.797      
199.62      
194.485      
189.391      
184.367      
179.411      
174.534      
169.748      
165.048      
160.447      
155.947      
151.55      
147.259      
143.092      
139.012      
135.039      
131.171      
127.408      
123.753      
120.201      
116.766      
113.417      
110.16      
106.985      
103.924      
100.958      
98.0807      
95.291      
92.5862      
89.9614      
87.4237      
84.9624      
82.5715      
80.2598      
78.0216      
75.8443      
73.7387      
71.6971      
69.7225      
67.8123      
65.9578      
64.1608      
62.4226      
60.7333      
59.0989      
57.515      
55.9784      
54.489      
53.0464      
51.6465      
50.2893      
48.9714      
47.6955      
46.4575      
45.2563      
44.0925      
42.9627      
41.8692      
40.8055      
39.7744      
38.7736      
37.8011      
36.8559      
35.9394      
35.0541      
34.1891      
33.3514      
32.5378      
31.7479      
30.9804      
30.2347      
29.5102      
28.8049      
28.1208      
27.4547      
26.8085      
26.1801      
25.5694      
24.9755      
24.398      
23.8352      
23.2879      
22.7564      
22.2395      
21.7365      
21.247      
20.7706      
