35446.1      
26387.5      
20306.2      
16036.3      
12901.8      
10505      
8705.42      
7279.41      
6144.81      
5222.78      
4482.85      
3866.51      
3351.8      
2921.68      
2569.47      
2252.08      
1991.59      
1762.85      
1570.06      
1403.48      
1253.04      
1125.07      
1016.13      
911.251      
822.692      
744.77      
674.136      
612.457      
556.013      
507.017      
461.556      
420.479      
384.238      
350.978      
321.96      
294.39      
270.204      
247.325      
227.727      
208.728      
192.285      
176.534      
162.607      
149.681      
138.085      
126.943      
117.272      
108.291      
99.8568      
92.2581      
85.2972      
78.7837      
72.7647      
67.2943      
62.2524      
57.5794      
53.2042      
49.2905      
45.547      
42.2898      
39.0806      
36.1974      
33.548      
31.036      
28.7927      
26.6636      
24.6764      
22.9076      
21.2091      
19.6545      
18.2368      
16.9165      
15.6469      
14.5032      
13.4725      
12.4719      
11.5627      
10.726      
9.9325      
9.21345      
8.53422      
7.93223      
7.33143      
6.80066      
6.30268      
5.84932      
5.424      
5.0176      
4.64928      
4.30927      
3.99717      
3.69661      
3.42707      
3.17408      
2.93953      
2.72242      
2.52041      
2.33323      
2.16244      
1.99977      
