338.929      
332.624      
325.243      
316.959      
307.965      
298.451      
288.59      
278.475      
268.302      
258.139      
248.075      
238.146      
228.442      
218.961      
209.763      
200.861      
192.261      
184      
176.031      
168.369      
161.037      
154.023      
147.331      
140.907      
134.768      
128.914      
123.329      
118.006      
112.94      
108.105      
103.493      
99.0748      
94.8984      
90.9065      
87.1055      
83.487      
80.036      
76.7468      
73.6117      
70.6263      
67.7771      
65.0607      
62.4689      
59.9927      
57.6246      
55.3795      
53.2332      
51.1766      
49.2174      
47.3453      
45.5495      
43.8396      
42.2049      
40.6414      
39.15      
37.718      
36.349      
35.0373      
33.7827      
32.5797      
31.4287      
30.3245      
29.2678      
28.2531      
27.2802      
26.3482      
25.4541      
24.5979      
23.7741      
22.9838      
22.2232      
21.4936      
20.7923      
20.1184      
19.4705      
18.8468      
18.2471      
17.6706      
17.1145      
16.5825      
16.0686      
15.5721      
15.0963      
14.6389      
14.1964      
13.77      
13.3597      
12.9633      
12.581      
12.215      
11.8592      
11.5164      
11.1836      
10.8636      
10.5552      
10.2568      
9.96901      
9.68977      
9.41994      
9.15978      
