267.589      
262.642      
256.823      
250.302      
243.215      
235.735      
227.935      
219.97      
211.941      
203.914      
195.948      
188.121      
180.443      
172.95      
165.674      
158.635      
151.831      
145.295      
138.993      
132.934      
127.126      
121.583      
116.279      
111.193      
106.349      
101.701      
97.2876      
93.0758      
89.0712      
85.2448      
81.5753      
78.1007      
74.7958      
71.6405      
68.634      
65.771      
63.045      
60.4435      
57.9676      
55.6058      
53.3566      
51.2099      
49.1586      
47.2053      
45.3417      
43.5609      
41.8658      
40.2458      
38.6961      
37.222      
35.8096      
34.4557      
33.1661      
31.9331      
30.7538      
29.6264      
28.5471      
27.5142      
26.5239      
25.577      
24.67      
23.8      
22.9675      
22.1693      
21.403      
20.6681      
19.9641      
19.2902      
18.6409      
18.019      
17.4213      
16.8472      
16.2956      
15.7655      
15.2553      
14.7648      
14.2931      
13.84      
13.4047      
12.9838      
12.58      
12.1927      
11.8179      
11.4561      
11.1121      
10.777      
10.4533      
10.1421      
9.84197      
9.5525      
9.27325      
9.00314      
8.74311      
8.4921      
8.25142      
8.01732      
7.79121      
7.57277      
7.3617      
7.15771      
