78009.9      
56785.9      
42940.5      
33435.4      
26567.6      
21422.8      
17605.2      
14626.3      
12275.3      
10388.7      
8881.78      
7634.99      
6601.23      
5736.24      
5033.17      
4398.57      
3878.43      
3426.47      
3042.26      
2714.43      
2417.63      
2165.42      
1951.74      
1745.97      
1572.87      
1421.36      
1284.31      
1163.82      
1054.7      
959.343      
872.107      
792.963      
723.337      
659.629      
604.104      
551.569      
505.303      
461.827      
424.694      
388.7      
357.597      
327.875      
301.64      
277.23      
255.458      
234.551      
216.456      
199.62      
183.903      
169.68      
156.724      
144.587      
133.417      
123.265      
113.905      
105.25      
97.1568      
89.9165      
83.1816      
77.014      
71.1084      
65.803      
60.9419      
56.3244      
52.2153      
48.3148      
44.6805      
41.4427      
38.3447      
35.5102      
32.9192      
30.5149      
28.2444      
26.1255      
24.2537      
22.4346      
20.7864      
19.2776      
17.8276      
16.5339      
15.3063      
14.2178      
13.1338      
12.1772      
11.275      
10.4603      
9.69629      
8.96359      
8.30262      
7.69007      
7.12858      
6.59084      
6.10672      
5.65312      
5.23294      
4.84475      
4.48261      
4.14927      
3.84319      
3.5523      
