61985.6      
44636.2      
33524.1      
26016.3      
20662.4      
16671      
13735.4      
11442.3      
9642.76      
8197      
7041.5      
6085.71      
5292.6      
4623.44      
4079.14      
3582.41      
3175.76      
2818.62      
2515.6      
2253.28      
2016.17      
1813.96      
1641.17      
1474.76      
1334.98      
1209.38      
1096.71      
997.746      
907.072      
828.662      
755.602      
689.536      
631.055      
577.379      
530.595      
485.696      
446.471      
409.319      
377.317      
346.347      
319.516      
293.797      
270.983      
249.82      
230.764      
212.453      
196.54      
181.728      
167.8      
155.263      
143.748      
133.017      
122.947      
113.869      
105.484      
97.6904      
90.4106      
83.8102      
77.6008      
72.1287      
66.7575      
61.9227      
57.4624      
53.2338      
49.4518      
45.8526      
42.4772      
39.4965      
36.6196      
33.9663      
31.5731      
29.3257      
27.162      
25.2107      
23.4426      
21.7414      
20.1752      
18.7426      
17.3805      
16.1421      
14.9719      
13.9289      
12.8961      
11.9777      
11.1157      
10.33      
9.59106      
8.88442      
8.24493      
7.65053      
7.10572      
6.57999      
6.10849      
5.6651      
5.25369      
4.87076      
4.51625      
4.18606      
3.88467      
3.59753      
