356.132      
360.344      
365      
369.728      
374.385      
378.713      
382.381      
385.72      
388.563      
390.801      
392.453      
393.438      
393.84      
393.717      
392.958      
391.739      
390.044      
387.934      
385.433      
382.591      
379.426      
375.995      
372.306      
368.418      
364.341      
360.129      
355.749      
351.245      
346.67      
342.03      
337.337      
332.608      
327.848      
323.074      
318.293      
313.523      
308.772      
304.041      
299.309      
294.643      
290.018      
285.44      
280.915      
276.438      
272.019      
267.659      
263.356      
259.119      
254.946      
250.815      
246.785      
242.806      
238.892      
235.051      
231.275      
227.561      
223.92      
220.338      
216.819      
213.364      
209.973      
206.648      
203.382      
200.178      
197.033      
193.949      
190.927      
187.958      
185.048      
182.194      
179.394      
176.648      
173.956      
171.315      
168.724      
166.191      
163.698      
161.256      
158.86      
156.509      
154.209      
151.948      
149.73      
147.556      
145.423      
143.331      
141.283      
139.269      
137.292      
135.354      
133.452      
131.59      
129.758      
127.961      
126.198      
124.466      
122.767      
121.1      
119.463      
117.855      
