254.342      
251.239      
248      
244.236      
240.233      
235.974      
231.504      
226.864      
222.089      
217.211      
212.28      
207.298      
202.295      
197.292      
192.307      
187.357      
182.451      
177.611      
172.836      
168.138      
163.527      
158.999      
154.568      
150.233      
145.997      
141.863      
137.849      
133.919      
130.092      
126.369      
122.741      
119.22      
115.801      
112.49      
109.261      
106.108      
103.068      
100.118      
97.2621      
94.4904      
91.8028      
89.1972      
86.6688      
84.224      
81.8531      
79.5489      
77.3232      
75.1577      
73.0695      
71.0411      
69.0744      
67.1723      
65.3321      
63.5457      
61.8146      
60.137      
58.5128      
56.9399      
55.4118      
53.9322      
52.498      
51.1076      
49.7592      
48.4497      
47.182      
45.9529      
44.7594      
43.6032      
42.4822      
41.3953      
40.3385      
39.3157      
38.322      
37.3579      
36.4199      
35.5104      
34.6276      
33.7736      
32.9413      
32.1343      
31.3491      
30.5896      
29.8501      
29.1317      
28.4325      
27.7543      
27.0952      
26.4535      
25.831      
25.2256      
24.6372      
24.065      
23.5075      
22.9664      
22.4401      
21.9272      
21.4291      
20.9445      
20.4728      
20.0139      
