359.669      
362.183      
364.914      
367.688      
370.465      
373.326      
375.724      
378.584      
380.52      
382.552      
384.293      
385.816      
387.231      
388.304      
389.165      
389.742      
390.038      
390.112      
389.911      
389.458      
388.762      
387.864      
386.771      
385.459      
384.004      
382.375      
380.536      
378.543      
376.423      
374.174      
371.809      
369.317      
366.735      
364.083      
361.328      
358.503      
355.592      
352.645      
349.644      
346.596      
343.512      
340.396      
337.251      
334.079      
330.891      
327.679      
324.471      
321.255      
318.036      
314.819      
311.605      
308.396      
305.197      
302.003      
298.829      
295.67      
292.526      
289.394      
286.291      
283.212      
280.156      
277.121      
274.113      
271.15      
268.194      
265.266      
262.364      
259.485      
256.642      
253.827      
251.043      
248.28      
245.556      
242.872      
240.221      
237.587      
234.985      
232.406      
229.871      
227.359      
224.872      
222.42      
219.998      
217.61      
215.25      
212.918      
210.616      
208.345      
206.1      
203.886      
201.699      
199.541      
197.411      
195.314      
193.239      
191.191      
189.169      
187.174      
185.205      
183.262      
