211.348      
212.889      
214.516      
216.248      
217.902      
219.578      
221.229      
223.028      
224.239      
225.534      
226.653      
227.683      
228.593      
229.366      
229.956      
230.394      
230.679      
230.789      
230.781      
230.589      
230.273      
229.833      
229.251      
228.571      
227.768      
226.843      
225.814      
224.698      
223.5      
222.21      
220.855      
219.442      
217.954      
216.411      
214.803      
213.162      
211.479      
209.76      
208.006      
206.224      
204.415      
202.585      
200.738      
198.87      
196.995      
195.109      
193.219      
191.316      
189.416      
187.514      
185.613      
183.715      
181.822      
179.934      
178.053      
176.181      
174.318      
172.465      
170.623      
168.794      
166.973      
165.171      
163.382      
161.604      
159.846      
158.103      
156.377      
154.667      
152.973      
151.296      
149.641      
148.004      
146.383      
144.779      
143.194      
141.625      
140.074      
138.54      
137.024      
135.522      
134.041      
132.576      
131.14      
129.715      
128.306      
126.915      
125.542      
124.181      
122.842      
121.525      
120.219      
118.931      
117.66      
116.404      
115.165      
113.942      
112.735      
111.544      
110.369      
109.208      
