103149      
73829.9      
55135.7      
42529.5      
33573      
26937.6      
22063.5      
18291.7      
15335      
12974.4      
11096.3      
9546.91      
8262.25      
7190.84      
6318.34      
5528.96      
4881.83      
4317.27      
3837.42      
3427.18      
3055.66      
2739.49      
2471.05      
2212.4      
1995.06      
1804.29      
1631.63      
1479.71      
1341.32      
1221.87      
1111.13      
1011.04      
922.845      
842.21      
772.006      
704.964      
646.354      
591.154      
543.892      
498.071      
458.495      
420.652      
387.144      
356.098      
328.303      
301.617      
278.482      
256.998      
236.866      
218.708      
202.121      
186.572      
172.257      
159.252      
147.241      
136.136      
125.745      
116.385      
107.778      
99.8425      
92.2512      
85.4179      
79.1501      
73.1979      
67.8961      
62.8597      
58.1583      
53.9874      
49.9774      
46.3066      
42.9573      
39.8409      
36.8881      
34.1483      
31.7204      
29.3617      
27.2167      
25.2556      
23.3718      
21.6854      
20.0863      
18.6683      
17.2548      
16.0082      
14.83      
13.7655      
12.7671      
11.8085      
10.9438      
10.1415      
9.4065      
8.70093      
8.06621      
7.47129      
6.91938      
6.40889      
5.93298      
5.49389      
5.09161      
4.70868      
