862.513      
760.06      
675.586      
603.968      
542.908      
492.746      
443.798      
403.351      
367.704      
335.549      
307.38      
281.788      
258.824      
237.131      
219.312      
202.323      
187.037      
173.04      
160.09      
148.27      
137.432      
127.404      
118.188      
109.62      
102.063      
94.9192      
88.327      
82.2337      
76.5292      
71.2714      
66.4722      
61.9338      
57.7147      
53.8043      
50.1983      
46.6643      
43.7122      
40.7982      
38.0787      
35.5462      
33.1969      
31.0198      
28.9592      
27.0288      
25.2477      
23.6101      
22.0647      
20.6194      
19.2551      
17.9806      
16.7947      
15.7062      
14.6473      
13.6567      
12.8119      
11.9735      
11.1859      
10.4481      
9.75899      
9.12205      
8.52729      
7.97286      
7.43822      
6.94618      
6.50078      
6.05624      
5.65779      
5.28611      
4.94653      
4.61248      
4.30399      
4.01451      
3.74569      
3.49557      
3.26124      
3.04109      
2.82096      
2.64914      
2.47      
2.30438      
2.14972      
2.00304      
1.86667      
1.73974      
1.62158      
1.5116      
1.4081      
1.31224      
1.222      
1.13883      
1.06033      
0.98717      
0.918116      
0.853994      
0.794518      
0.739115      
0.688041      
0.639833      
0.595388      
0.553391      
