76688.1      
55776.3      
42147.6      
32793.5      
26038.7      
20980.6      
17229      
14303.5      
11996.1      
10145      
8667.54      
7445.99      
6433.5      
5587.75      
4900.11      
4280.07      
3771.41      
3330.97      
2956.18      
2636.64      
2347.34      
2101.66      
1893.74      
1693.36      
1525      
1377.69      
1244.49      
1127.42      
1021.48      
928.64      
844.22      
767.399      
699.876      
638.09      
584.267      
533.348      
488.522      
446.401      
410.459      
375.614      
345.503      
316.74      
291.368      
267.746      
246.694      
226.484      
208.988      
192.719      
177.529      
163.79      
151.276      
139.553      
128.764      
118.963      
109.925      
101.574      
93.7593      
86.7708      
80.2709      
74.3183      
68.6193      
63.5001      
58.8087      
54.3529      
50.3884      
46.6245      
43.1179      
39.9928      
37.0051      
34.2704      
31.7698      
29.4501      
27.2592      
25.2142      
23.408      
21.6524      
20.0622      
18.6056      
17.2065      
15.9578      
14.7731      
13.7222      
12.6761      
11.7531      
10.8816      
10.095      
9.35737      
8.64997      
8.01165      
7.4206      
6.8782      
6.35905      
5.89155      
5.45362      
5.04769      
4.67302      
4.32321      
4.00134      
3.70575      
3.42483      
