281.223      
284.622      
288.368      
292.155      
295.982      
299.392      
302.493      
305.181      
307.598      
309.477      
310.88      
311.769      
312.188      
312.175      
311.64      
310.738      
309.483      
307.876      
305.948      
303.748      
301.289      
298.606      
295.723      
292.673      
289.489      
286.153      
282.687      
279.134      
275.533      
271.867      
268.149      
264.407      
260.636      
256.844      
253.048      
249.26      
245.487      
241.728      
237.991      
234.286      
230.612      
226.963      
223.377      
219.819      
216.306      
212.837      
209.397      
206.04      
202.719      
199.443      
196.222      
193.056      
189.953      
186.891      
183.881      
180.926      
178.021      
175.175      
172.374      
169.626      
166.928      
164.278      
161.677      
159.126      
156.625      
154.17      
151.762      
149.398      
147.084      
144.811      
142.581      
140.395      
138.25      
136.147      
134.086      
132.063      
130.08      
128.135      
126.227      
124.356      
122.521      
120.722      
118.957      
117.224      
115.526      
113.864      
112.23      
110.627      
109.054      
107.514      
106      
104.516      
103.058      
101.629      
100.231      
98.853      
97.5017      
96.1739      
94.871      
93.593      
