47016.8      
34411.4      
26151.7      
20472.7      
16360.7      
13263.4      
10958.6      
9144.52      
7713.91      
6557.99      
5630.82      
4862.57      
4221.25      
3684.41      
3245.95      
2848.39      
2522.33      
2236.07      
1993.92      
1784.37      
1595      
1433.69      
1296.01      
1163.68      
1051.57      
952.861      
863.373      
785.058      
712.995      
651.042      
593.134      
540.904      
494.689      
452.302      
415.27      
379.92      
349.057      
319.813      
294.648      
270.365      
249.197      
228.98      
211.078      
194.465      
179.534      
165.175      
152.72      
141.136      
130.237      
120.433      
111.43      
102.996      
95.2097      
88.12      
81.587      
75.5176      
69.8451      
64.7446      
59.8793      
55.6345      
51.4562      
47.6951      
44.2396      
40.9578      
38.0252      
35.2393      
32.6365      
30.3203      
28.0944      
26.0524      
24.1935      
22.4589      
20.7898      
19.2843      
17.9259      
16.6099      
15.4087      
14.3038      
13.2562      
12.305      
11.4063      
10.6075      
9.81316      
9.10949      
8.44846      
7.84686      
7.28193      
6.74093      
6.2513      
5.79787      
5.38193      
4.9808      
4.62111      
4.28318      
3.96969      
3.67838      
3.40863      
3.15759      
2.92857      
2.71042      
