267.041      
268.936      
270.956      
273.068      
275.124      
277.215      
279.382      
281.39      
282.898      
284.491      
285.854      
287.066      
288.092      
289.03      
289.72      
290.221      
290.508      
290.623      
290.524      
290.239      
289.773      
289.169      
288.41      
287.482      
286.447      
285.261      
283.916      
282.479      
280.935      
279.294      
277.552      
275.731      
273.849      
271.885      
269.857      
267.763      
265.626      
263.446      
261.228      
258.973      
256.687      
254.376      
252.043      
249.69      
247.317      
244.941      
242.557      
240.166      
237.772      
235.377      
232.989      
230.591      
228.208      
225.834      
223.469      
221.115      
218.773      
216.444      
214.129      
211.831      
209.544      
207.281      
205.035      
202.808      
200.599      
198.415      
196.243      
194.099      
191.974      
189.872      
187.791      
185.732      
183.701      
181.694      
179.705      
177.738      
175.792      
173.861      
171.962      
170.088      
168.229      
166.4      
164.584      
162.796      
161.03      
159.286      
157.564      
155.864      
154.19      
152.531      
150.896      
149.281      
147.686      
146.113      
144.56      
143.027      
141.518      
140.025      
138.551      
137.097      
