1139.81      
997.1      
881.604      
785.289      
704.232      
635.843      
574.123      
521.665      
475.426      
433.864      
397.529      
364.551      
335.001      
307.188      
284.141      
262.395      
242.618      
224.575      
207.872      
192.579      
178.598      
165.627      
153.775      
142.796      
132.935      
123.701      
115.167      
107.29      
99.9035      
93.2378      
86.9103      
81.1115      
75.5093      
70.455      
65.7729      
61.2045      
57.3448      
53.5554      
50.0237      
46.7203      
43.6662      
40.8241      
38.1292      
35.6169      
33.291      
31.1841      
29.129      
27.2368      
25.4523      
23.7831      
22.2288      
20.7997      
19.4113      
18.1163      
17.0008      
15.9002      
14.862      
13.8904      
12.9827      
12.1426      
11.3584      
10.6213      
9.92047      
9.26903      
8.68068      
8.09224      
7.56435      
7.07388      
6.62169      
6.17909      
5.76956      
5.38483      
5.02844      
4.69396      
4.38334      
4.09018      
3.79717      
3.56767      
3.3288      
3.10742      
2.90077      
2.70473      
2.52229      
2.35233      
2.19404      
2.04662      
1.90758      
1.77988      
1.6579      
1.5461      
1.4405      
1.34205      
1.24908      
1.16274      
1.08252      
1.00769      
0.938711      
0.873585      
0.813462      
0.756634      
