58699.6      
43500.9      
33330.1      
26205.2      
20972.3      
16998.9      
14018.8      
11672.8      
9807.99      
8302.57      
7095.14      
6093.19      
5260.02      
4564.34      
3998.23      
3488.81      
3072.91      
2710.12      
2402.76      
2141.64      
1904.97      
1704.16      
1534.71      
1370.83      
1233.64      
1113.64      
1005.21      
909.901      
823.855      
747.882      
679.875      
617.513      
562.768      
512.698      
469.112      
427.954      
391.617      
357.533      
328.549      
300.424      
276.126      
252.943      
232.508      
213.475      
196.548      
180.307      
166.227      
153.179      
140.996      
129.983      
119.937      
110.584      
101.951      
94.1124      
86.8953      
80.2266      
73.9973      
68.4264      
63.2499      
58.5158      
53.9815      
49.9168      
46.1909      
42.6549      
39.5129      
36.5342      
33.7644      
31.2855      
28.9265      
26.7677      
24.7939      
22.9663      
21.2471      
19.6315      
18.2113      
16.8303      
15.5849      
14.4406      
13.3431      
12.3659      
11.4393      
10.6167      
9.80088      
9.07929      
8.39933      
7.78603      
7.20875      
6.6612      
6.16516      
5.70586      
5.28428      
4.88206      
4.51973      
4.18069      
3.86654      
3.57704      
3.30678      
3.05867      
2.83032      
2.61372      
