46096.1      
33706.7      
25591.5      
20015.1      
15979.8      
12942      
10682.9      
8907.7      
7506.71      
6376.74      
5471.35      
4721.28      
4098.47      
3572.87      
3146.47      
2759.19      
2442.24      
2164.02      
1928.91      
1725.53      
1541.83      
1385.45      
1252.48      
1123.86      
1015.35      
919.84      
833.264      
757.537      
687.868      
628.004      
572.042      
521.604      
476.979      
436.057      
400.287      
366.18      
336.428      
308.211      
283.937      
260.451      
240.112      
220.62      
203.361      
187.348      
172.954      
159.115      
147.112      
135.948      
125.444      
115.999      
107.325      
99.1985      
91.6973      
84.8683      
78.5748      
72.7309      
67.2641      
62.3538      
57.669      
53.5816      
49.5578      
45.9372      
42.6094      
39.449      
36.6255      
33.9429      
31.437      
29.2064      
27.0629      
25.0961      
23.307      
21.6366      
20.029      
18.5792      
17.2712      
16.0038      
14.8466      
13.7829      
12.7738      
11.8577      
10.9924      
10.2242      
9.45747      
8.77904      
8.14294      
7.56317      
7.01841      
6.4975      
6.02566      
5.58883      
5.18807      
4.80135      
4.45484      
4.12911      
3.82701      
3.54611      
3.28618      
3.04418      
2.82342      
2.61312      
