at_factorization_and_renorm_scale:q=m_sq
100      11034
138      2585.68
157      1418.89
176      824.066
195      501.378
214      317.367
233      207.297
252      139.327
271      95.1933
290      67.1302
309      47.9421
328      34.8419
347      25.6352
366      19.0348
385      14.4213
404      11.0002
423      8.46417
442      6.56413
461      5.11497
480      4.05107
499      3.19228
518      2.55875
537      2.05839
556      1.66269
575      1.34837
594      1.09689
613      0.90167
632      0.742713
651      0.610058
670      0.508745
689      0.420102
708      0.352667
727      0.295832
746      0.24745
765      0.207912
784      0.175951
803      0.149122
822      0.126592
841      0.107642
860      0.0916654
879      0.0781526
898      0.0666853
917      0.0575696
936      0.0495344
955      0.0425297
974      0.0364627
993      0.0317044
1012      0.0273719
1031      0.0235247
1050      0.0205856
1069      0.017764
1088      0.0155379
1107      0.0134488
1126      0.0117855
1145      0.0102071
1164      0.00897613
1183      0.00775888
1202      0.00684944
1221      0.00601709
1240      0.00522532
1259      0.00461774
1278      0.0040666
1297      0.00353115
1316      0.00312608
1335      0.00276447
1354      0.00243883
1373      0.00213975
1392      0.0018792
1411      0.00166628
1430      0.0014764
1449      0.0013071
1468      0.00115611
1487      0.0010211
1506      0.000898439
1525      0.00079238
1544      0.000703811
1563      0.000625117
1582      0.000555225
1601      0.000493169
1620      0.000438081
1639      0.00038918
1658      0.000345767
1677      0.000307218
1696      0.000272976
1715      0.000242547
1734      0.000215493
1753      0.000191428
1772      0.000170011
1791      0.000150944
1810      0.000135746
1829      0.000121506
1848      0.000108463
1867      9.6671e-05
1886      8.60547e-05
1905      7.65164e-05
1924      6.79585e-05
1943      6.02886e-05
1962      5.41696e-05
1981      4.86769e-05
2000      4.34481e-05
