m_sq,gd,gu,gs,gc,gb,at_factorization_and_renorm_scale:q=(m_sq+m_sg)/2
100      12969.5      18438.9      4787.45      3408.24      2161.29
138      3539.97      5208.9      1185.33      842.768      535.362
157      2076.97      3102.7      666.058      473.241      300.395
176      1278.09      1936.97      393.247      279.194      176.944
195      823.023      1264.2      243.632      172.862      109.354
214      545.555      849.039      155.522      110.273      69.5997
233      375.258      591.114      103.336      73.2389      46.1239
252      263.321      419.725      70.0932      49.6568      31.1946
271      189.96      306.142      49.0039      34.7076      21.7524
290      138.109      225.089      34.5008      24.4275      15.2662
309      102.835      169.354      24.9398      17.6554      11.0055
328      77.4557      128.874      18.2458      12.915      8.02882
347      58.9143      99.0246      13.4846      9.5441      5.91636
366      45.8302      77.7455      10.2233      7.23651      4.47503
385      35.5646      60.9234      7.71815      5.46336      3.36857
404      28.1288      48.6181      5.95482      4.21586      2.59275
423      22.3287      38.9437      4.60972      3.2641      2.00189
442      17.7315      31.2162      3.56658      2.52585      1.54437
461      14.3106      25.411      2.81141      1.99157      1.21442
480      11.6066      20.7864      2.22752      1.57842      0.959828
499      9.4559      17.0792      1.77318      1.25687      0.762134
518      7.80973      14.2164      1.43407      1.0169      0.61509
537      6.45253      11.8405      1.15957      0.822571      0.496208
556      5.33667      9.87324      0.938215      0.665815      0.400501
575      4.41724      8.24063      0.759427      0.53916      0.323339
594      3.72274      6.99551      0.62799      0.446059      0.266862
613      3.11019      5.89186      0.513573      0.364957      0.217695
632      2.63232      5.02316      0.42649      0.303226      0.180412
651      2.21448      4.25951      0.351424      0.249978      0.148288
670      1.88799      3.65743      0.294204      0.209385      0.123895
689      1.59165      3.10851      0.242859      0.172932      0.102002
708      1.36755      2.68919      0.205092      0.146118      0.0859748
727      1.17317      2.3234      0.17282      0.123192      0.0722949
746      0.997068      1.99046      0.143931      0.102656      0.0600515
765      0.861065      1.73083      0.122194      0.0871994      0.0508791
784      0.745093      1.50801      0.103965      0.074232      0.0432015
803      0.644893      1.31433      0.0884602      0.0631961      0.036681
822      0.558148      1.14563      0.0752462      0.0537857      0.0311327
841      0.482455      0.997539      0.0638914      0.0456947      0.0263723
860      0.416848      0.868368      0.0542084      0.0387912      0.0223199
879      0.363814      0.763041      0.0465536      0.0333315      0.0191278
898      0.317869      0.671223      0.0400246      0.0286723      0.01641
917      0.278031      0.591112      0.0344514      0.024693      0.0140944
936      0.243452      0.52114      0.0296889      0.0212906      0.0121193
955      0.2134      0.459944      0.0256137      0.0183778      0.0104326
974      0.187243      0.406341      0.0221212      0.0158801      0.00898978
993      0.164436      0.35931      0.0191228      0.0137346      0.00775352
1012      0.144515      0.317969      0.0165436      0.0118881      0.00669224
1031      0.127082      0.281564      0.0143209      0.0102959      0.00577947
1050      0.112788      0.251452      0.0125356      0.00901656      0.00504897
1069      0.100158      0.224699      0.010979      0.00790043      0.00441304
1088      0.0887286      0.200369      0.00958625      0.0069013      0.00384473
1107      0.0785325      0.178541      0.00836007      0.00602121      0.0033452
1126      0.0694611      0.159006      0.00728409      0.00524852      0.00290766
1145      0.0613968      0.141535      0.00634096      0.00457089      0.00252488
1164      0.0542294      0.125909      0.00551472      0.00397694      0.00219023
1183      0.0487007      0.113719      0.00489378      0.00353041      0.00194006
1202      0.04344      0.102087      0.0043064      0.00310781      0.00170341
1221      0.0385859      0.0913046      0.00377003      0.00272171      0.00148756
1240      0.0341903      0.081485      0.0032905      0.00237638      0.00129492
1259      0.0304991      0.0731682      0.00289545      0.00209176      0.00113677
1278      0.0274631      0.0662672      0.00257671      0.00186204      0.00100966
1297      0.0244634      0.0594366      0.00226295      0.00163581      0.000884465
1316      0.0217011      0.0531132      0.00197737      0.00142981      0.000770701
1335      0.0195696      0.048175      0.00176269      0.00127489      0.000685658
1354      0.0175518      0.0434858      0.0015607      0.00112909      0.000605674
1373      0.0156133      0.0389651      0.00136815      0.000990035      0.000529472
1392      0.0139952      0.0351562      0.00121055      0.000876189      0.000467354
1411      0.0126421      0.0319447      0.00108102      0.000782593      0.000416474
1430      0.0112632      0.0286688      0.0009493      0.000687376      0.000364695
1449      0.0101151      0.0259149      0.000841792      0.000609639      0.000322609
1468      0.0091437      0.0235665      0.000752279      0.0005449      0.00028768
1487      0.00814282      0.0211449      0.000660205      0.000478281      0.000251723
1506      0.00737573      0.0192647      0.000591488      0.000428555      0.000225051
1525      0.00663262      0.0174393      0.000525191      0.000380566      0.000199319
1544      0.00589225      0.0156155      0.00045954      0.000333027      0.000173848
1563      0.00538735      0.0143492      0.000416336      0.000301745      0.000157235
1582      0.00481425      0.0129183      0.000366856      0.000265902      0.000138138
1601      0.00435348      0.0117546      0.000327971      0.000237732      0.000123209
1620      0.00392912      0.010678      0.000292454      0.000211996      0.000109591
1639      0.00348832      0.00955825      0.000255682      0.000185342      9.54882e-05
1658      0.0032032      0.00881896      0.000232818      0.000168774      8.68086e-05
1677      0.00285505      0.00792292      0.000204496      0.00014824      7.6002e-05
1696      0.00260852      0.00727751      0.000185084      0.000134168      6.86556e-05
1715      0.00233598      0.0065664      0.000163485      0.000118505      6.04587e-05
1734      0.00212172      0.00600008      0.000146917      0.000106492      5.42089e-05
1753      0.00191098      0.00544213      0.000130667      9.47067e-05      4.8078e-05
1772      0.00172312      0.00494088      0.000116399      8.43584e-05      4.27129e-05
1791      0.00156332      0.00451106      0.000104434      7.56813e-05      3.82286e-05
1810      0.00139331      0.0040535      9.17298e-05      6.64648e-05      3.34648e-05
1829      0.00127913      0.00374037      8.34824e-05      6.04848e-05      3.04001e-05
1848      0.00113294      0.00334264      7.27748e-05      5.27159e-05      2.64011e-05
1867      0.0010469      0.00310254      6.67544e-05      4.83516e-05      2.41806e-05
1886      0.000927182      0.00277268      5.81874e-05      4.2136e-05      2.09971e-05
1905      0.000857078      0.00257449      5.33959e-05      3.86629e-05      1.92389e-05
1924      0.000758465      0.00229931      4.64994e-05      3.36596e-05      1.66889e-05
1943      0.000701817      0.00213695      4.272e-05      3.09207e-05      1.53096e-05
1962      0.000623682      0.0019158      3.73927e-05      2.70566e-05      1.33512e-05
1981      0.000574672      0.00177396      3.41776e-05      2.47267e-05      1.21818e-05
2000      0.000517526      0.00160938      3.03988e-05      2.19869e-05      1.08028e-05
