m_sq,gd,gu,gs,gc,gb,at_factorization_and_renorm_scale:q=(m_sq+m_sg)/2
100      72.6039      120.577      17.1609      12.1366      7.53504
138      14.8199      26.1631      2.95309      2.09005      1.27474
157      7.57668      13.7501      1.40037      0.992175      0.599766
176      4.09123      7.62348      0.704512      0.499834      0.299432
195      2.31416      4.42246      0.372945      0.265016      0.157349
214      1.3533      2.6509      0.204664      0.145686      0.0857144
233      0.819813      1.64429      0.116847      0.0833252      0.048593
252      0.507911      1.04276      0.0683585      0.0488366      0.0282258
271      0.322649      0.677541      0.0411384      0.0294431      0.0168685
290      0.207666      0.446107      0.0251022      0.0179975      0.0102181
309      0.136405      0.29955      0.0156789      0.0112599      0.00633699
328      0.090666      0.20353      0.00992173      0.00713649      0.00398097
347      0.0608498      0.139642      0.00634554      0.00457079      0.00252701
366      0.0416032      0.0975078      0.00414837      0.00299193      0.00164023
385      0.0284653      0.0681901      0.00271143      0.00195782      0.0010638
404      0.0197665      0.0483598      0.00180373      0.00130368      0.000702407
423      0.0137529      0.034381      0.00120191      0.000869421      0.000464375
442      0.00960447      0.0245408      0.000804048      0.000582017      0.000308137
461      0.00678481      0.0177074      0.000545361      0.000394965      0.00020736
480      0.00480934      0.0128226      0.000371307      0.000269004      0.000140047
499      0.00341846      0.0093129      0.000253575      0.000183745      9.48562e-05
518      0.00244846      0.00681284      0.000174777      0.000126651      6.48538e-05
537      0.00176478      0.00501388      0.000121374      8.79442e-05      4.46802e-05
556      0.00126799      0.00368127      8.39381e-05      6.08029e-05      3.06394e-05
575      0.00090855      0.00269736      5.78431e-05      4.18823e-05      2.09282e-05
594      0.000661597      0.00200526      4.06644e-05      2.94288e-05      1.45961e-05
613      0.000477121      0.00147868      2.82406e-05      2.04234e-05      1.00478e-05
632      0.000347044      0.00109885      1.98233e-05      1.43247e-05      6.99434e-06
651      0.000251052      0.000812963      1.38184e-05      9.97588e-06      4.83247e-06
670      0.00018339      0.000606706      9.75088e-06      7.03226e-06      3.38184e-06
689      0.000131928      0.00044691      6.75103e-06      4.8626e-06      2.31942e-06
708      9.69035e-05      0.000335275      4.79635e-06      3.45054e-06      1.63459e-06
727      7.06522e-05      0.00024995      3.37713e-06      2.4262e-06      1.14107e-06
746      5.06944e-05      0.000183816      2.33132e-06      1.67209e-06      7.80081e-07
765      3.72323e-05      0.000137957      1.65651e-06      1.18631e-06      5.4978e-07
784      2.724e-05      0.000103205      1.1717e-06      8.37749e-07      3.8563e-07
803      1.98432e-05      7.69255e-05      8.24519e-07      5.88485e-07      2.69036e-07
822      1.43707e-05      5.70556e-05      5.76152e-07      4.1043e-07      1.86317e-07
841      1.02481e-05      4.1766e-05      3.95071e-07      2.80812e-07      1.26492e-07
860      7.4746e-06      3.11746e-05      2.78562e-07      1.97609e-07      8.84444e-08
879      5.43763e-06      2.32184e-05      1.95837e-07      1.3864e-07      6.16558e-08
898      3.94571e-06      1.72556e-05      1.37285e-07      9.69802e-08      4.28556e-08
917      2.85584e-06      1.27964e-05      9.59626e-08      6.76389e-08      2.97016e-08
936      2.0616e-06      9.46848e-06      6.68811e-08      4.70324e-08      2.05239e-08
955      1.48409e-06      6.98935e-06      4.64668e-08      3.2599e-08      1.41375e-08
974      1.06508e-06      5.14575e-06      3.21719e-08      2.2515e-08      9.70444e-09
993      7.61703e-07      3.77709e-06      2.21869e-08      1.54879e-08      6.63504e-09
1012      5.4255e-07      2.76286e-06      1.5231e-08      1.06045e-08      4.51559e-09
1031      3.84645e-07      2.01281e-06      1.04002e-08      7.22158e-09      3.05666e-09
1050      2.71217e-07      1.45949e-06      7.05752e-09      4.88693e-09      2.05615e-09
1069      1.97442e-07      1.08737e-06      4.98173e-09      3.44194e-09      1.44172e-09
1088      1.41249e-07      7.98206e-07      3.44272e-09      2.37263e-09      9.88848e-10
1107      9.98458e-08      5.79962e-07      2.34544e-09      1.61203e-09      6.6833e-10
1126      6.98757e-08      4.17775e-07      1.5792e-09      1.08228e-09      4.46308e-10
1145      4.84014e-08      2.98282e-07      1.05061e-09      7.17869e-10      2.94434e-10
1164      3.31555e-08      2.10921e-07      6.89998e-10      4.69992e-10      1.91721e-10
1183      2.33513e-08      1.52657e-07      4.69129e-10      3.18727e-10      1.29472e-10
1202      1.65617e-08      1.11171e-07      3.21589e-10      2.17949e-10      8.81913e-11
1221      1.13593e-08      7.86821e-08      2.11748e-10      1.43079e-10      5.76287e-11
1240      7.63172e-09      5.47045e-08      1.36076e-10      9.16494e-11      3.67368e-11
1259      5.02828e-09      3.73953e-08      8.54916e-11      5.73822e-11      2.28895e-11
1278      3.63531e-09      2.76514e-08      6.01364e-11      4.0289e-11      1.60346e-11
1297      2.44343e-09      1.92264e-08      3.8714e-11      2.58584e-11      1.02515e-11
1316      1.58823e-09      1.29888e-08      2.39601e-11      1.59493e-11      6.29697e-12
1335      1.06742e-09      9.01842e-09      1.54696e-11      1.027e-11      4.04298e-12
1354      7.33882e-10      6.38807e-09      1.02529e-11      6.79044e-12      2.6667e-12
1373      4.69255e-10      4.25418e-09      6.23105e-12      4.11309e-12      1.60999e-12
1392      2.87915e-10      2.73361e-09      3.60985e-12      2.37415e-12      9.2631e-13
1411      2.06365e-10      2.00287e-09      2.52318e-12      1.65712e-12      6.46032e-13
1430      1.28526e-10      1.30369e-09      1.48856e-12      9.74432e-13      3.79014e-13
1449      7.56799e-11      8.08386e-10      8.22947e-13      5.36746e-13      2.08335e-13
1468      5.39794e-11      5.8923e-10      5.73023e-13      3.73296e-13      1.4487e-13
1487      3.21046e-11      3.68579e-10      3.20695e-13      2.08233e-13      8.07228e-14
1506      2.02108e-11      2.41257e-10      1.93047e-13      1.25077e-13      4.8482e-14
1525      1.28548e-11      1.59682e-10      1.17172e-13      7.57469e-14      2.9364e-14
1544      7.10993e-12      9.38208e-11      6.03446e-14      3.88835e-14      1.50837e-14
1563      4.7625e-12      6.4633e-11      3.92218e-14      2.52448e-14      9.80285e-15
1582      2.67871e-12      3.85303e-11      2.06155e-14      1.32333e-14      5.14837e-15
1601      1.4991e-12      2.27703e-11      1.08576e-14      6.95533e-15      2.71308e-15
1620      9.43606e-13      1.49119e-11      6.53735e-15      4.18204e-15      1.6352e-15
1639      4.61256e-13      7.87939e-12      2.92596e-15      1.86717e-15      7.34015e-16
1658      3.06642e-13      5.3761e-12      1.89557e-15      1.20913e-15      4.76423e-16
1677      1.47918e-13      2.81037e-12      8.35925e-16      5.32254e-16      2.11271e-16
1696      9.00201e-14      1.77341e-12      4.90794e-16      3.12397e-16      1.24472e-16
1715      4.35755e-14      9.30345e-13      2.17462e-16      1.38286e-16      5.56126e-17
1734      2.28611e-14      5.16155e-13      1.07919e-16      6.8624e-17      2.77885e-17
1753      1.1632e-14      2.8247e-13      5.07489e-17      3.22716e-17      1.32029e-17
1772      4.08745e-15      1.12467e-13      1.56516e-17      9.96609e-18      4.15647e-18
1791      2.76503e-15      7.74875e-14      1.04255e-17      6.64138e-18      2.77787e-18
1810      8.709e-16      2.81297e-14      2.84313e-18      1.81761e-18      7.79413e-19
1829      5.71818e-16      1.88274e-14      1.83829e-18      1.17605e-18      5.05946e-19
1848      1.55326e-16      6.03426e-15      4.24648e-19      2.73551e-19      1.2154e-19
1867      9.94928e-17      3.93913e-15      2.6815e-19      1.72903e-19      7.70836e-20
1886      2.19137e-17      1.05927e-15      4.88826e-20      3.19094e-20      1.48457e-20
1905      1.38171e-17      6.79453e-16      3.0446e-20      1.98973e-20      9.28752e-21
1924      2.2265e-18      1.40954e-16      3.86496e-21      2.58292e-21      1.2805e-21
1943      1.39819e-18      8.97562e-17      2.40354e-21      1.60828e-21      7.99671e-22
1962      1.3424e-19      1.22925e-17      1.59446e-22      1.12178e-22      6.1963e-23
1981      8.49129e-20      7.85766e-18      1.00144e-22      7.05518e-23      3.90675e-23
2000      2.09882e-21      4.65056e-19      1.01804e-25      3.53039e-25      4.66597e-25
