m_sq,gd,gu,gs,gc,gb,at_factorization_and_renorm_scale:q=(m_sq+m_sg)/2
100      1673.43      2507.57      531.44      377.247      239.041
138      416.755      651.855      117.018      82.9081      52.2209
157      233.677      372.571      62.108      43.9745      27.5921
176      138.247      224.436      34.8957      24.6956      15.4315
195      85.5001      141.194      20.5581      14.5448      9.04978
214      55.1036      92.459      12.6672      8.96172      5.55302
233      36.3872      62.0151      8.00543      5.66391      3.49412
252      24.704      42.7341      5.2143      3.68992      2.26648
271      17.1053      30.0219      3.46815      2.455      1.50125
290      12.0958      21.5269      2.36061      1.67173      1.01783
309      8.67232      15.6472      1.63034      1.15516      0.700166
328      6.32319      11.5604      1.14708      0.813239      0.490758
347      4.67254      8.65322      0.818958      0.581001      0.349082
366      3.48122      6.53038      0.589671      0.418635      0.250391
385      2.63146      4.9974      0.431602      0.306653      0.182623
404      1.99824      3.84246      0.317269      0.2256      0.133742
423      1.53968      2.99579      0.237181      0.168795      0.0996405
442      1.19298      2.34875      0.17835      0.127036      0.0746638
461      0.930083      1.85271      0.13501      0.0962501      0.056321
480      0.729975      1.471      0.102959      0.0734657      0.0428003
499      0.576505      1.17506      0.0790621      0.0564646      0.0327519
518      0.457519      0.943185      0.061034      0.0436281      0.025195
537      0.364335      0.759691      0.0472856      0.0338306      0.0194493
556      0.290763      0.613313      0.0367119      0.0262889      0.0150439
575      0.235842      0.502665      0.0290647      0.0208303      0.0118727
594      0.190209      0.409972      0.0228368      0.0163807      0.00929454
613      0.154402      0.336434      0.0180805      0.0129797      0.00733281
632      0.125871      0.277236      0.0143835      0.0103339      0.00581291
651      0.102817      0.228921      0.0114672      0.00824498      0.00461767
670      0.0841929      0.1895      0.00916619      0.00659548      0.00367761
689      0.0694458      0.157938      0.00739125      0.00532205      0.00295528
708      0.0567406      0.130538      0.00588847      0.00424298      0.00234475
727      0.0471833      0.109645      0.00479316      0.0034559      0.00190222
746      0.0391913      0.092019      0.00389528      0.0028102      0.00154041
765      0.032445      0.0770103      0.00315189      0.00227521      0.00124162
784      0.0268498      0.0644415      0.00254848      0.00184065      0.000999862
803      0.0224732      0.0544869      0.00208933      0.00150976      0.000816808
822      0.0188173      0.0460937      0.00171345      0.00123871      0.000667413
841      0.0157634      0.0390156      0.00140575      0.00101669      0.000545513
860      0.0132122      0.0330457      0.00115391      0.000834871      0.000446069
879      0.0110812      0.0280101      0.000947817      0.000686      0.000364972
898      0.00930188      0.0237636      0.000779252      0.000564173      0.000298876
917      0.0078176      0.0201855      0.000641535      0.000464592      0.000245073
936      0.00658152      0.017175      0.000529221      0.000383344      0.000201361
955      0.00555296      0.0146438      0.000437699      0.00031711      0.000165879
974      0.00469477      0.0125101      0.000362885      0.000262948      0.000136985
993      0.00397492      0.0107024      0.000301366      0.000218396      0.000113315
1012      0.00336827      0.00916374      0.000250513      0.000181558      9.38209e-05
1031      0.0028553      0.0078499      0.000208324      0.000150988      7.77071e-05
1050      0.00242055      0.00672541      0.000173238      0.000125558      6.43553e-05
1069      0.00205148      0.00576134      0.000144008      0.000104369      5.32738e-05
1088      0.00173778      0.00493369      0.000119629      8.66938e-05      4.40665e-05
1107      0.00147091      0.00422245      9.92806e-05      7.19387e-05      3.64113e-05
1126      0.00124375      0.00361081      8.22897e-05      5.96172e-05      3.00447e-05
1145      0.001067      0.00312782      6.94261e-05      5.029e-05      2.52554e-05
1164      0.000913472      0.00270476      5.84166e-05      4.23069e-05      2.11685e-05
1183      0.000777323      0.00232668      4.87893e-05      3.53256e-05      1.76044e-05
1202      0.00065921      0.00199556      4.05791e-05      2.9372e-05      1.45759e-05
1221      0.000557405      0.00170725      3.36311e-05      2.43341e-05      1.20232e-05
1240      0.000480765      0.00148646      2.8557e-05      2.06567e-05      1.01731e-05
1259      0.000411628      0.00128602      2.40282e-05      1.73745e-05      8.52496e-06
1278      0.000349551      0.00110466      2.00164e-05      1.44671e-05      7.06903e-06
1297      0.000295313      0.000944638      1.65717e-05      1.19712e-05      5.82375e-06
1316      0.000255857      0.00082594      1.41481e-05      1.02166e-05      4.9552e-06
1335      0.000218676      0.00071365      1.18783e-05      8.57318e-06      4.14237e-06
1354      0.000185091      0.000611405      9.85622e-06      7.10939e-06      3.4204e-06
1373      0.000158563      0.000529381      8.30055e-06      5.98401e-06      2.86867e-06
1392      0.000136673      0.000460901      7.04112e-06      5.07338e-06      2.42407e-06
1411      0.000115755      0.00039516      5.84706e-06      4.21005e-06      2.00311e-06
1430      9.87467e-05      0.000340932      4.89925e-06      3.52525e-06      1.67099e-06
1449      8.54125e-05      0.000297784      4.1737e-06      3.00145e-06      1.41831e-06
1468      7.21989e-05      0.000254914      3.45796e-06      2.48471e-06      1.16914e-06
1487      6.21285e-05      0.000221642      2.92837e-06      2.10279e-06      9.86225e-07
1506      5.33127e-05      0.000192273      2.47074e-06      1.77289e-06      8.2862e-07
1525      4.48351e-05      0.000163876      2.03468e-06      1.4586e-06      6.78727e-07
1544      3.90502e-05      0.00014402      1.74847e-06      1.25267e-06      5.81386e-07
1563      3.3133e-05      0.000123723      1.45534e-06      1.0417e-06      4.81564e-07
1582      2.80513e-05      0.000106073      1.2086e-06      8.64266e-07      3.97971e-07
1601      2.43677e-05      9.30242e-05      1.0351e-06      7.39684e-07      3.39671e-07
1620      2.04219e-05      7.90625e-05      8.49019e-07      6.06024e-07      2.77067e-07
1639      1.78245e-05      6.96197e-05      7.31538e-07      5.21822e-07      2.37999e-07
1658      1.50347e-05      5.95114e-05      6.04689e-07      4.30861e-07      1.95715e-07
1677      1.29488e-05      5.17975e-05      5.12798e-07      3.65077e-07      1.65344e-07
1696      1.10316e-05      4.46678e-05      4.29016e-07      3.05118e-07      1.37699e-07
1715      9.26413e-06      3.80335e-05      3.52927e-07      2.50701e-07      1.12683e-07
1734      8.06889e-06      3.34372e-05      3.03283e-07      2.15271e-07      9.65207e-08
1753      6.69242e-06      2.81681e-05      2.4577e-07      1.74201e-07      7.77506e-08
1772      5.88497e-06      2.49696e-05      2.13699e-07      1.51371e-07      6.74305e-08
1791      4.88699e-06      2.1059e-05      1.73435e-07      1.22674e-07      5.4405e-08
1810      4.28136e-06      1.86069e-05      1.5015e-07      1.06128e-07      4.6972e-08
1829      3.55735e-06      1.57017e-05      1.21951e-07      8.60698e-08      3.793e-08
1848      3.10803e-06      1.38405e-05      1.05248e-07      7.42242e-08      3.26421e-08
1867      2.58106e-06      1.16748e-05      8.5434e-08      6.01601e-08      2.63449e-08
1886      2.25199e-06      1.02787e-05      7.36203e-08      5.18001e-08      2.26372e-08
1905      1.86625e-06      8.65497e-06      5.96178e-08      4.18822e-08      1.82257e-08
1924      1.62862e-06      7.62125e-06      5.13904e-08      3.60734e-08      1.56667e-08
1943      1.34432e-06      6.39548e-06      4.14249e-08      2.90304e-08      1.25543e-08
1962      1.17514e-06      5.64001e-06      3.57836e-08      2.50572e-08      1.08158e-08
1981      9.64278e-07      4.70865e-06      2.86458e-08      2.00241e-08      8.60568e-09
2000      8.45443e-07      4.16331e-06      2.48344e-08      1.73467e-08      7.44237e-09
