m_sq,dd,du,ds,dc,db,uu,us,uc,ub,ss,sc,sb,cc,cb,bb,at_factorization_and_renorm_scale:q=m_sq
100      2.8702      4.76836      0.731542      0.502707      0.314634      4.2078      0.607028      0.415216      0.258264      0.418996      0.283418      0.173632      0.204522      0.125185      0.0759124
138      0.801334      1.38772      0.175645      0.11961      0.0746592      1.19885      0.14348      0.0973707      0.0604574      0.0954943      0.0642167      0.0393186      0.0467412      0.0286204      0.0173733
157      0.47149      0.831281      0.0967411      0.0656167      0.0408481      0.711597      0.0785273      0.0531061      0.0328985      0.0514527      0.0345124      0.0210944      0.0252158      0.0154184      0.0093482
176      0.291656      0.522798      0.056289      0.0380418      0.0236094      0.443809      0.0454387      0.0306322      0.0189246      0.02935      0.0196421      0.0119789      0.0144024      0.00878949      0.00531964
195      0.187787      0.34184      0.0342311      0.0230594      0.014264      0.28799      0.0274986      0.0184853      0.0113863      0.0175307      0.0117086      0.00712284      0.00861448      0.00524538      0.00316791
214      0.124941      0.230753      0.0215874      0.0144997      0.00893825      0.19305      0.0172672      0.0115777      0.00710906      0.010876      0.00725106      0.00439929      0.00535221      0.00325086      0.00195865
233      0.0854325      0.159954      0.0140342      0.00940176      0.0057751      0.132962      0.0111825      0.00748074      0.00457839      0.00696544      0.00463661      0.00280516      0.00343307      0.00207967      0.00124978
252      0.0597886      0.113402      0.00936323      0.00625798      0.00383016      0.0937071      0.00743497      0.00496358      0.00302768      0.00458373      0.00304701      0.00183811      0.00226285      0.00136699      0.000819275
271      0.042684      0.0819657      0.0063878      0.00426045      0.00259807      0.0673594      0.00505658      0.0033696      0.0020484      0.00308785      0.00205016      0.00123309      0.00152692      0.000919777      0.000549702
290      0.0310036      0.0602446      0.00444322      0.002958      0.0017972      0.0492576      0.00350746      0.00233351      0.00141369      0.00212299      0.00140806      0.000844358      0.0010516      0.000631611      0.000376395
309      0.0228633      0.0449347      0.00314378      0.00208951      0.00126488      0.0365668      0.00247551      0.0016446      0.000992907      0.00148611      0.00098476      0.00058874      0.000737423      0.000441603      0.000262395
328      0.0170876      0.0339534      0.00225827      0.00149882      0.000903987      0.0275099      0.00177428      0.00117726      0.00070832      0.00105704      0.0006999      0.000417175      0.000525457      0.000313735      0.000185869
347      0.0129242      0.0259542      0.00164422      0.00108992      0.000654965      0.0209436      0.00128927      0.000854523      0.000512372      0.000762657      0.000504652      0.00029989      0.000379809      0.000226095      0.00013355
366      0.00988008      0.020046      0.0012117      0.000802348      0.000480398      0.0161151      0.000948448      0.000628035      0.000375277      0.000557353      0.0003686      0.000218379      0.000278074      0.000165037      9.71917e-05
385      0.00762596      0.0156278      0.000902748      0.000597223      0.000356283      0.0125193      0.000705515      0.000466797      0.000277974      0.000412055      0.000272387      0.000160891      0.00020596      0.000121869      7.15539e-05
404      0.00593777      0.0122869      0.000679292      0.000449049      0.000266919      0.00981098      0.000530149      0.000350533      0.000208028      0.000307872      0.000203446      0.000119808      0.00015417      9.09487e-05      5.32386e-05
423      0.00466017      0.00973502      0.000515796      0.000340755      0.00020182      0.00774981      0.000402066      0.000265699      0.000157147      0.000232257      0.000153438      9.00884e-05      0.000116519      6.85306e-05      3.99949e-05
442      0.00368406      0.00776751      0.000394893      0.000260751      0.000153884      0.00616616      0.000307501      0.000203119      0.000119727      0.000176759      0.000116752      6.83444e-05      8.88392e-05      5.20933e-05      3.03102e-05
461      0.00293186      0.00623783      0.000304637      0.000201077      0.000118244      0.00493893      0.000237009      0.000156503      9.19388e-05      0.000135618      8.95668e-05      5.2275e-05      6.82854e-05      3.99203e-05      2.31572e-05
480      0.00234761      0.00503931      0.000236664      0.000156168      9.15088e-05      0.00398033      0.000183988      0.000121463      7.11148e-05      0.000104835      6.92335e-05      4.02879e-05      5.28808e-05      3.08214e-05      1.78251e-05
499      0.00189046      0.00409352      0.000185053      0.00012209      7.12878e-05      0.00322606      0.000143777      9.49032e-05      5.53785e-05      8.16044e-05      5.38924e-05      3.12682e-05      4.12357e-05      2.39618e-05      1.38161e-05
518      0.00153034      0.00334221      0.000145568      9.60319e-05      5.58759e-05      0.00262852      0.000113045      7.4613e-05      4.33938e-05      6.39317e-05      4.22242e-05      2.44264e-05      3.23619e-05      1.87488e-05      1.07778e-05
537      0.00124485      0.0027417      0.000115147      7.59631e-05      4.40445e-05      0.00215214      8.9387e-05      5.89992e-05      3.41993e-05      5.03862e-05      3.32821e-05      1.91972e-05      2.55491e-05      1.47574e-05      8.45778e-06
556      0.00101717      0.00225895      9.15512e-05      6.04025e-05      3.49004e-05      0.00177008      7.10519e-05      4.69015e-05      2.7097e-05      3.99307e-05      2.63804e-05      1.51719e-05      2.02816e-05      1.16797e-05      6.67377e-06
575      0.000834704      0.00186894      7.31517e-05      4.82712e-05      2.77947e-05      0.00146212      5.67637e-05      3.74758e-05      2.15804e-05      3.1814e-05      2.10229e-05      1.20556e-05      1.61858e-05      9.29324e-06      5.29424e-06
594      0.00068767      0.00155221      5.87145e-05      3.87536e-05      2.22378e-05      0.00121254      4.55585e-05      3.00847e-05      1.72676e-05      2.5471e-05      1.68359e-05      9.62674e-06      1.29797e-05      7.43023e-06      4.22025e-06
613      0.000568613      0.00129376      4.73238e-05      3.12447e-05      1.78675e-05      0.00100929      3.67216e-05      2.4256e-05      1.38767e-05      2.04849e-05      1.35444e-05      7.72229e-06      1.04553e-05      5.96731e-06      3.3792e-06
632      0.000471835      0.00108206      3.82999e-05      2.52961e-05      1.44165e-05      0.000843114      2.97234e-05      1.964e-05      1.11996e-05      1.65483e-05      1.09454e-05      6.2226e-06      8.45911e-06      4.81367e-06      2.7178e-06
651      0.000392782      0.000907823      3.11095e-05      2.05556e-05      1.16751e-05      0.00070658      2.41484e-05      1.59624e-05      9.07298e-06      1.34209e-05      8.88028e-06      5.03408e-06      6.87074e-06      3.89819e-06      2.19435e-06
670      0.000328001      0.000763974      2.53616e-05      1.67656e-05      9.49033e-06      0.000594036      1.96926e-05      1.30227e-05      7.37828e-06      1.09278e-05      7.23371e-06      4.08898e-06      5.60256e-06      3.16928e-06      1.77875e-06
689      0.000274688      0.000644715      2.07433e-05      1.37197e-05      7.74011e-06      0.000500868      1.61127e-05      1.06605e-05      6.02053e-06      8.9295e-06      5.91359e-06      3.33324e-06      4.58451e-06      2.58572e-06      1.44693e-06
708      0.000230665      0.000545515      1.70188e-05      1.12627e-05      6.33267e-06      0.000423476      1.32256e-05      8.75488e-06      4.92853e-06      7.3213e-06      4.85091e-06      2.72648e-06      3.764e-06      2.11667e-06      1.18095e-06
727      0.000194216      0.00046278      1.4007e-05      9.27512e-06      5.19783e-06      0.000359011      1.08908e-05      7.21334e-06      4.04785e-06      6.02328e-06      3.99293e-06      2.23792e-06      3.10077e-06      1.73859e-06      9.67154e-07
746      0.000163917      0.000393512      1.15595e-05      7.65941e-06      4.27817e-06      0.000305102      8.99314e-06      5.96002e-06      3.33395e-06      4.97011e-06      3.29655e-06      1.8424e-06      2.56188e-06      1.43222e-06      7.94382e-07
765      0.000138662      0.000335365      9.56486e-06      6.34205e-06      3.53067e-06      0.000259894      7.4462e-06      4.93793e-06      2.75348e-06      4.11289e-06      2.72953e-06      1.5212e-06      2.12265e-06      1.18319e-06      6.54325e-07
784      0.000117561      0.000286433      7.93499e-06      5.2651e-06      2.92152e-06      0.000221888      6.18177e-06      4.10214e-06      2.28024e-06      3.41318e-06      2.26651e-06      1.25961e-06      1.76363e-06      9.80193e-07      5.40479e-07
803      9.98845e-05      0.000245152      6.59935e-06      4.38211e-06      2.42364e-06      0.000189852      5.1452e-06      3.41664e-06      1.89326e-06      2.84026e-06      1.88723e-06      1.04589e-06      1.46928e-06      8.14219e-07      4.47652e-07
822      8.50316e-05      0.000210223      5.50084e-06      3.65548e-06      2.01519e-06      0.000162766      4.29228e-06      2.85231e-06      1.57562e-06      2.36931e-06      1.5753e-06      8.70578e-07      1.22701e-06      6.77979e-07      3.71662e-07
841      7.25228e-05      0.000180602      4.59507e-06      3.05598e-06      1.67925e-06      0.000139812      3.58867e-06      2.38651e-06      1.31421e-06      1.98112e-06      1.31807e-06      7.26384e-07      1.02706e-06      5.65847e-07      3.09289e-07
860      6.1965e-05      0.000155427      3.84639e-06      2.56015e-06      1.40226e-06      0.000120316      3.00677e-06      2.00106e-06      1.09853e-06      1.6603e-06      1.10537e-06      6.07464e-07      8.61605e-07      4.73313e-07      2.5796e-07
879      5.30348e-05      0.000133987      3.22609e-06      2.14907e-06      1.17332e-06      0.00010372      2.52435e-06      1.68131e-06      9.20148e-07      1.39446e-06      9.29028e-07      5.09132e-07      7.24349e-07      3.96759e-07      2.15611e-07
898      4.54659e-05      0.000115689      2.71096e-06      1.80745e-06      9.83662e-07      8.95632e-05      2.12346e-06      1.41544e-06      7.72256e-07      1.17363e-06      7.8246e-07      4.27616e-07      6.10201e-07      3.33268e-07      1.80584e-07
917      3.9038e-05      0.000100044      2.28223e-06      1.52292e-06      8.2618e-07      7.7463e-05      1.78957e-06      1.19385e-06      6.4936e-07      9.89747e-07      6.60341e-07      3.59876e-07      5.15044e-07      2.80486e-07      1.51546e-07
936      3.35688e-05      8.66412e-05      1.92462e-06      1.28542e-06      6.95133e-07      6.71004e-05      1.51086e-06      1.00875e-06      5.47009e-07      8.36264e-07      5.58352e-07      3.0345e-07      4.35536e-07      2.36504e-07      1.27415e-07
955      2.89069e-05      7.5139e-05      1.62575e-06      1.08677e-06      5.85858e-07      5.82093e-05      1.27774e-06      8.53819e-07      4.61586e-07      7.07871e-07      4.72982e-07      2.56343e-07      3.68957e-07      1.99775e-07      1.07319e-07
974      2.49263e-05      6.5251e-05      1.37546e-06      9.2028e-07      4.94556e-07      5.05673e-05      1.08234e-06      7.23867e-07      3.90147e-07      6.00237e-07      4.01369e-07      2.16931e-07      3.13088e-07      1.69039e-07      9.05486e-08
993      2.15217e-05      5.67369e-05      1.16547e-06      7.80488e-07      4.18126e-07      4.39877e-05      9.18256e-07      6.14657e-07      3.30287e-07      5.09821e-07      3.41172e-07      1.83888e-07      2.66112e-07      1.43266e-07      7.65243e-08
1012      1.86053e-05      4.93943e-05      9.88972e-07      6.62896e-07      3.5403e-07      3.83135e-05      7.80213e-07      5.22709e-07      2.80035e-07      4.33719e-07      2.90471e-07      1.5613e-07      2.26537e-07      1.21612e-07      6.47741e-08
1031      1.61032e-05      4.30525e-05      8.40374e-07      5.63808e-07      3.00183e-07      3.34126e-05      6.63874e-07      4.45156e-07      2.37774e-07      3.69543e-07      2.47687e-07      1.32768e-07      1.93135e-07      1.03387e-07      5.49108e-08
1050      1.39535e-05      3.75672e-05      7.15054e-07      4.8017e-07      2.54868e-07      2.9173e-05      5.65656e-07      3.7963e-07      2.0217e-07      3.15325e-07      2.11516e-07      1.13069e-07      1.64893e-07      8.80179e-08      4.66163e-08
1069      1.21039e-05      3.28159e-05      6.0919e-07      4.09456e-07      2.1667e-07      2.55002e-05      4.82596e-07      3.24172e-07      1.72123e-07      2.69437e-07      1.80879e-07      9.64269e-08      1.4097e-07      7.50356e-08      3.96287e-08
1088      1.05102e-05      2.86947e-05      5.19617e-07      3.49572e-07      1.84419e-07      2.23136e-05      4.12237e-07      2.77155e-07      1.46723e-07      2.30531e-07      1.54886e-07      8.23437e-08      1.20673e-07      6.40501e-08      3.37318e-08
1107      9.13508e-06      2.51152e-05      4.43708e-07      2.98778e-07      1.57144e-07      1.95451e-05      3.52541e-07      2.3723e-07      1.25216e-07      1.97487e-07      1.32792e-07      7.04046e-08      1.03421e-07      5.47384e-08      2.87469e-08
1126      7.94708e-06      2.20021e-05      3.79282e-07      2.5563e-07      1.34043e-07      1.71364e-05      3.01812e-07      2.03275e-07      1.06977e-07      1.69376e-07      1.13983e-07      6.02666e-08      8.87354e-08      4.68329e-08      2.45262e-08
1145      6.92062e-06      1.92941e-05      3.24614e-07      2.18984e-07      1.14483e-07      1.50403e-05      2.58712e-07      1.744e-07      9.15125e-08      1.45462e-07      9.79697e-08      5.1659e-08      7.62347e-08      4.01225e-08      2.09535e-08
1164      6.03232e-06      1.69348e-05      2.78134e-07      1.87798e-07      9.78867e-08      1.32132e-05      2.22018e-07      1.49796e-07      7.83735e-08      1.25077e-07      8.43086e-08      4.43351e-08      6.5572e-08      3.44144e-08      1.79227e-08
1183      5.26241e-06      1.48764e-05      2.38541e-07      1.6121e-07      8.37786e-08      1.16183e-05      1.90719e-07      1.28792e-07      6.71885e-08      1.07664e-07      7.26308e-08      3.80906e-08      5.64592e-08      2.95491e-08      1.53464e-08
1202      4.59418e-06      1.3078e-05      2.04758e-07      1.38503e-07      7.1765e-08      1.0224e-05      1.63976e-07      1.1083e-07      5.76503e-08      9.27642e-08      6.26305e-08      3.27569e-08      4.86577e-08      2.53951e-08      1.31525e-08
1221      4.01344e-06      1.15048e-05      1.75888e-07      1.1908e-07      6.15183e-08      9.00355e-06      1.4109e-07      9.54445e-08      4.95032e-08      7.99934e-08      5.40524e-08      2.81934e-08      4.19676e-08      2.18423e-08      1.12811e-08
1240      3.50924e-06      1.01296e-05      1.51258e-07      1.02495e-07      5.27954e-08      7.93595e-06      1.21537e-07      8.22879e-08      4.25569e-08      6.90638e-08      4.67052e-08      2.42954e-08      3.62397e-08      1.88089e-08      9.68785e-09
1259      3.0708e-06      8.92569e-06      1.30202e-07      8.83035e-08      4.53532e-08      7.0006e-06      1.04795e-07      7.10132e-08      3.66212e-08      5.96894e-08      4.03983e-08      2.09582e-08      3.13248e-08      1.62133e-08      8.3282e-09
1278      2.68876e-06      7.86975e-06      1.12154e-07      7.61285e-08      3.89866e-08      6.17958e-06      9.0423e-08      6.13265e-08      3.15356e-08      5.16277e-08      3.49704e-08      1.80934e-08      2.70967e-08      1.39863e-08      7.16468e-09
1297      2.35536e-06      6.94226e-06      9.66552e-08      6.5664e-08      3.35297e-08      5.45782e-06      7.80626e-08      5.29882e-08      2.71697e-08      4.46815e-08      3.02898e-08      1.56293e-08      2.34524e-08      1.20718e-08      6.16698e-09
1316      2.06504e-06      6.12902e-06      8.33893e-08      5.6699e-08      2.88689e-08      4.8244e-06      6.74657e-08      4.58332e-08      2.34346e-08      3.87143e-08      2.62655e-08      1.35165e-08      2.03209e-08      1.04313e-08      5.31451e-09
1335      1.8117e-06      5.41458e-06      7.20022e-08      4.89968e-08      2.48763e-08      4.2674e-06      5.83548e-08      3.96762e-08      2.02295e-08      3.35733e-08      2.27957e-08      1.16996e-08      1.76223e-08      9.02142e-09      4.58387e-09
1354      1.59009e-06      4.78553e-06      6.21959e-08      4.23581e-08      2.14443e-08      3.77651e-06      5.04963e-08      3.4361e-08      1.74701e-08      2.913e-08      1.97943e-08      1.0132e-08      1.52894e-08      7.80573e-09      3.95546e-09
1373      1.39628e-06      4.23174e-06      5.37566e-08      3.66399e-08      1.84966e-08      3.3439e-06      4.37221e-08      2.97754e-08      1.5096e-08      2.52914e-08      1.71994e-08      8.78015e-09      1.32736e-08      6.75812e-09      3.41536e-09
1392      1.22707e-06      3.74487e-06      4.65117e-08      3.17266e-08      1.59714e-08      2.96316e-06      3.78965e-08      2.58283e-08      1.30586e-08      2.19827e-08      1.49608e-08      7.61716e-09      1.15358e-08      5.85756e-09      2.95237e-09
1411      1.07874e-06      3.31526e-06      4.02569e-08      2.74811e-08      1.37953e-08      2.62683e-06      3.28588e-08      2.24123e-08      1.12999e-08      1.9115e-08      1.30191e-08      6.6109e-09      1.00295e-08      5.07892e-09      2.55308e-09
1430      9.48652e-07      2.93603e-06      3.48557e-08      2.38121e-08      1.19199e-08      2.32961e-06      2.85015e-08      1.94552e-08      9.78158e-09      1.66288e-08      1.13343e-08      5.74002e-09      8.72346e-09      4.40555e-09      2.20866e-09
1449      8.34937e-07      2.60216e-06      3.02128e-08      2.06554e-08      1.03112e-08      2.06763e-06      2.47491e-08      1.69064e-08      8.47682e-09      1.44822e-08      9.87844e-09      4.98959e-09      7.59576e-09      3.82581e-09      1.91298e-09
1468      7.35011e-07      2.30687e-06      2.6193e-08      1.79201e-08      8.92091e-09      1.83565e-06      2.1495e-08      1.46943e-08      7.34736e-09      1.26161e-08      8.61186e-09      4.33832e-09      6.61539e-09      3.32308e-09      1.6572e-09
1487      6.4727e-07      2.04585e-06      2.27172e-08      1.55531e-08      7.72115e-09      1.63034e-06      1.86766e-08      1.27767e-08      6.37097e-09      1.09956e-08      7.51114e-09      3.77379e-09      5.76409e-09      2.88768e-09      1.43626e-09
1506      5.70419e-07      1.8156e-06      1.97222e-08      1.35119e-08      6.68958e-09      1.449e-06      1.62435e-08      1.11201e-08      5.52989e-09      9.5928e-09      6.55752e-09      3.28607e-09      5.02721e-09      2.51187e-09      1.24609e-09
1525      5.0269e-07      1.61139e-06      1.71198e-08      1.17369e-08      5.79479e-09      1.28798e-06      1.4126e-08      9.67715e-09      4.79915e-09      8.36881e-09      5.72483e-09      2.8612e-09      4.38428e-09      2.18476e-09      1.08096e-09
1544      4.43292e-07      1.43102e-06      1.48742e-08      1.02039e-08      5.02432e-09      1.14557e-06      1.22954e-08      8.42872e-09      4.16874e-09      7.30755e-09      5.00228e-09      2.49355e-09      3.82691e-09      1.90199e-09      9.38609e-10
1563      3.91063e-07      1.27134e-06      1.29292e-08      8.87523e-09      4.35834e-09      1.01932e-06      1.07072e-08      7.34473e-09      3.62287e-09      6.38418e-09      4.37312e-09      2.17425e-09      3.34202e-09      1.65664e-09      8.15417e-10
1582      3.44974e-07      1.12952e-06      1.12369e-08      7.71834e-09      3.77992e-09      9.07049e-07      9.32298e-09      6.39936e-09      3.14798e-09      5.57723e-09      3.8229e-09      1.89568e-09      2.91835e-09      1.44277e-09      7.08291e-10
1601      3.0458e-07      1.00431e-06      9.778e-09      6.72025e-09      3.28243e-09      8.07773e-07      8.12743e-09      5.58216e-09      2.73873e-09      4.87801e-09      3.34576e-09      1.65481e-09      2.55132e-09      1.25806e-09      6.16037e-10
1620      2.68865e-07      8.92896e-07      8.50537e-09      5.84901e-09      2.8492e-09      7.19332e-07      7.08285e-09      4.86766e-09      2.38176e-09      4.26539e-09      2.92743e-09      1.44411e-09      2.22982e-09      1.09662e-09      5.35593e-10
1639      2.37492e-07      7.94314e-07      7.40513e-09      5.09522e-09      2.47548e-09      6.40955e-07      6.17805e-09      4.24831e-09      2.07323e-09      3.73302e-09      2.56362e-09      1.26139e-09      1.95052e-09      9.56779e-10      4.66104e-10
1658      2.09821e-07      7.0678e-07      6.44867e-09      4.43951e-09      2.15124e-09      5.71265e-07      5.39013e-09      3.7086e-09      1.80507e-09      3.26801e-09      2.24562e-09      1.10208e-09      1.70663e-09      8.34975e-10      4.0573e-10
1677      1.85381e-07      6.28948e-07      5.61573e-09      3.86811e-09      1.8694e-09      5.0921e-07      4.70278e-09      3.23746e-09      1.57159e-09      2.86111e-09      1.96717e-09      9.6292e-10      1.49328e-09      7.28692e-10      3.53178e-10
1696      1.63899e-07      5.60031e-07      4.89506e-09      3.37339e-09      1.62611e-09      4.54176e-07      4.10693e-09      2.82875e-09      1.36963e-09      2.50718e-09      1.72479e-09      8.42131e-10      1.30778e-09      6.36544e-10      3.07743e-10
1715      1.44853e-07      4.98546e-07      4.26433e-09      2.94016e-09      1.41354e-09      4.0501e-07      3.58462e-09      2.47027e-09      1.1929e-09      2.19601e-09      1.51157e-09      7.36109e-10      1.14475e-09      5.55738e-10      2.67989e-10
1734      1.2814e-07      4.44175e-07      3.71992e-09      2.56597e-09      1.23051e-09      3.61459e-07      3.13287e-09      2.16e-09      1.04041e-09      1.9259e-09      1.32634e-09      6.44281e-10      1.0033e-09      4.8584e-10      2.33703e-10
1753      1.13293e-07      3.95578e-07      3.24221e-09      2.23745e-09      1.07016e-09      3.22481e-07      2.73584e-09      1.88717e-09      9.06605e-10      1.68782e-09      1.16299e-09      5.63469e-10      8.78668e-10      4.24384e-10      2.03621e-10
1772      1.00265e-07      3.52597e-07      2.82989e-09      1.95372e-09      9.32109e-10      2.87946e-07      2.39245e-09      1.65104e-09      7.91164e-10      1.48112e-09      1.02107e-09      4.93473e-10      7.70529e-10      3.71224e-10      1.77678e-10
1791      8.86899e-08      3.14173e-07      2.46804e-09      1.7046e-09      8.11155e-10      2.57029e-07      2.09062e-09      1.44337e-09      6.89859e-10      1.2989e-09      8.95883e-10      4.3186e-10      6.75231e-10      3.24476e-10      1.54911e-10
1810      7.85124e-08      2.80127e-07      2.15494e-09      1.48891e-09      7.06748e-10      2.29586e-07      1.82891e-09      1.2632e-09      6.0223e-10      1.1403e-09      7.86855e-10      3.78358e-10      5.92342e-10      2.83935e-10      1.35225e-10
1829      6.94799e-08      2.49717e-07      1.88057e-09      1.29981e-09      6.15422e-10      2.05038e-07      1.5992e-09      1.10498e-09      5.25452e-10      1.00066e-09      6.90808e-10      3.31331e-10      5.19396e-10      2.48337e-10      1.17977e-10
1848      6.15199e-08      2.22715e-07      1.64245e-09      1.13561e-09      5.36343e-10      1.83203e-07      1.39943e-09      9.67307e-10      4.58834e-10      8.78768e-10      6.06919e-10      2.90371e-10      4.55765e-10      2.17372e-10      1.03015e-10
1867      5.44618e-08      1.98612e-07      1.43404e-09      9.91838e-10      4.67265e-10      1.63681e-07      1.22429e-09      8.46548e-10      4.00538e-10      7.7156e-10      5.33095e-10      2.54409e-10      3.99828e-10      1.90214e-10      8.99223e-11
1886      4.82336e-08      1.77185e-07      1.25286e-09      8.66784e-10      4.07346e-10      1.46295e-07      1.07172e-09      7.41296e-10      3.49869e-10      6.77823e-10      4.68511e-10      2.23034e-10      3.50955e-10      1.6655e-10      7.85447e-11
1905      4.27107e-08      1.58055e-07      1.09429e-09      7.57289e-10      3.55005e-10      1.30749e-07      9.37949e-10      6.48971e-10      3.05527e-10      5.95364e-10      4.1167e-10      1.95484e-10      3.07989e-10      1.45795e-10      6.85885e-11
1924      3.78359e-08      1.41044e-07      9.5638e-10      6.62023e-10      3.09591e-10      1.16897e-07      8.21372e-10      5.68476e-10      2.66973e-10      5.23238e-10      3.61924e-10      1.7144e-10      2.70434e-10      1.27704e-10      5.99333e-11
1943      3.35084e-08      1.25841e-07      8.35511e-10      5.78495e-10      2.69863e-10      1.04498e-07      7.19013e-10      4.97769e-10      2.33186e-10      4.59702e-10      3.18083e-10      1.50297e-10      2.37374e-10      1.11814e-10      5.23482e-11
1962      2.96924e-08      1.1233e-07      7.30524e-10      5.05914e-10      2.35438e-10      9.34584e-08      6.29915e-10      4.36195e-10      2.03845e-10      4.04184e-10      2.79756e-10      1.31865e-10      2.08511e-10      9.79795e-11      4.57626e-11
1981      2.62968e-08      1.00231e-07      6.38225e-10      4.42084e-10      2.05228e-10      8.35552e-08      5.51447e-10      3.81949e-10      1.78052e-10      3.55138e-10      2.45882e-10      1.1561e-10      1.83028e-10      8.57919e-11      3.99729e-11
2000      2.33097e-08      8.94996e-08      5.58307e-10      3.86794e-10      1.79138e-10      7.47539e-08      4.83351e-10      3.34853e-10      1.55725e-10      3.124e-10      2.16351e-10      1.0148e-10      1.60845e-10      7.52135e-11      3.49622e-11
