m_sq,dd,du,ds,dc,db,uu,us,uc,ub,ss,sc,sb,cc,cb,bb,at_factorization_and_renorm_scale:q=m_sq
100      80.6497      126.462      25.3629      17.9409      11.6293      115.48      21.5417      15.1369      9.73513      15.6544      10.8426      6.85318      7.87349      4.96421      3.09677
138      24.51      39.9191      6.70503      4.68786      3.02726      35.7736      5.59621      3.89131      2.49557      3.92184      2.69215      1.69822      1.96414      1.23756      0.772104
157      14.9963      24.8368      3.85078      2.67789      1.72387      22.0626      3.19045      2.20781      1.41205      2.19975      1.50404      0.946556      1.0998      0.691706      0.430877
176      9.62852      16.1984      2.32873      1.61133      1.03364      14.2687      1.91669      1.32041      0.841842      1.30153      0.886674      0.556499      0.649837      0.407765      0.253473
195      6.42498      10.9696      1.46811      1.0111      0.646204      9.58575      1.20116      0.824038      0.523611      0.80408      0.545981      0.341662      0.401061      0.251012      0.155657
214      4.42427      7.66006      0.957709      0.65673      0.41812      6.64289      0.77935      0.532599      0.33724      0.514757      0.348483      0.217397      0.256574      0.160136      0.0990405
233      3.12676      5.48619      0.642725      0.438971      0.278389      4.72324      0.520452      0.354404      0.2236      0.339441      0.229174      0.142511      0.169123      0.105247      0.0649098
252      2.25906      4.01454      0.441937      0.300722      0.189963      3.43243      0.356246      0.241791      0.151994      0.2296      0.154636      0.0958469      0.114382      0.0709665      0.0436402
271      1.66317      2.99196      0.310267      0.210407      0.132385      2.54132      0.249069      0.168538      0.105555      0.158736      0.106673      0.0659005      0.0790872      0.0489176      0.029991
290      1.24443      2.2652      0.221775      0.149925      0.0939556      1.91199      0.177352      0.119675      0.0746741      0.11184      0.075007      0.0461846      0.0557393      0.0343685      0.0210064
309      0.944404      1.73878      0.161054      0.108563      0.0677657      1.45891      0.128343      0.086384      0.0537016      0.0801296      0.0536431      0.032921      0.0399555      0.0245589      0.0149641
328      0.725738      1.35101      0.118616      0.0797472      0.0495824      1.12715      0.0942209      0.0632704      0.0391876      0.0582737      0.0389485      0.0238243      0.029077      0.0178161      0.0108218
347      0.56392      1.06108      0.0884622      0.0593325      0.036745      0.880504      0.0700623      0.0469481      0.0289711      0.0429479      0.0286635      0.0174757      0.0214474      0.0130998      0.00793215
366      0.442508      0.841356      0.0667123      0.0446474      0.0275422      0.694608      0.0526938      0.0352418      0.0216674      0.0320303      0.0213492      0.0129739      0.0160105      0.00974802      0.005884
385      0.350303      0.672852      0.0508157      0.0339417      0.0208564      0.552799      0.0400385      0.0267312      0.0163747      0.0241449      0.0160746      0.00973673      0.0120816      0.00733258      0.00441202
404      0.27955      0.542308      0.0390657      0.0260474      0.0159435      0.443497      0.0307111      0.0204718      0.0124947      0.0183817      0.0122251      0.00738114      0.00920842      0.00557109      0.00334153
423      0.224713      0.440179      0.0302846      0.0201608      0.0122928      0.358404      0.023759      0.0158155      0.00961776      0.0141204      0.00938256      0.00564677      0.00708249      0.00427137      0.00255387
442      0.181813      0.359548      0.0236538      0.0157245      0.00955099      0.29154      0.0185223      0.0123142      0.0074615      0.0109349      0.00726008      0.00435546      0.00549187      0.00330161      0.0019678
461      0.147991      0.295406      0.0186039      0.0123521      0.00747394      0.23859      0.0145433      0.00965823      0.0058311      0.00853198      0.00566079      0.00338524      0.0042909      0.00257146      0.00152776
480      0.121129      0.244012      0.0147266      0.00976726      0.00588739      0.196349      0.0114949      0.00762637      0.00458787      0.00670377      0.00444516      0.0026499      0.00337622      0.00201692      0.0011945
499      0.0996494      0.202558      0.0117269      0.0077705      0.00466606      0.16242      0.00914104      0.00605964      0.00363235      0.00530147      0.00351355      0.00208797      0.00267385      0.0015923      0.000940042
518      0.082364      0.168912      0.0093896      0.00621681      0.00371901      0.134993      0.0073103      0.00484259      0.00289249      0.00421767      0.00279408      0.00165525      0.00213037      0.00126466      0.000744257
537      0.0683695      0.141442      0.00755594      0.00499945      0.00297952      0.112686      0.00587647      0.00389044      0.00231555      0.00337391      0.00223435      0.00131955      0.00170674      0.00101      0.000592508
556      0.0569743      0.11889      0.00610805      0.00403926      0.00239825      0.0944393      0.00474602      0.0031405      0.00186258      0.00271245      0.00179583      0.00105729      0.00137421      0.000810658      0.000474062
575      0.0476655      0.100314      0.00496091      0.0032793      0.0019398      0.0794633      0.00385165      0.00254771      0.00150572      0.00219201      0.00145098      0.000851647      0.00111223      0.000654066      0.000381289
594      0.0400146      0.0849225      0.00404552      0.00267337      0.00157552      0.0670966      0.00313886      0.00207563      0.00122243      0.00177933      0.00117766      0.000689117      0.00090422      0.000530079      0.00030804
613      0.033696      0.0721103      0.00331101      0.00218754      0.00128443      0.0568349      0.00256758      0.00169752      0.000996247      0.00145017      0.000959735      0.000559883      0.000738067      0.00043132      0.000249859
632      0.0284678      0.0614239      0.00272057      0.00179725      0.0010514      0.0483024      0.00210882      0.00139407      0.000815322      0.00118707      0.00078561      0.00045692      0.000605076      0.000352501      0.000203561
651      0.0241134      0.0524548      0.0022422      0.0014812      0.00086332      0.0411616      0.00173747      0.00114854      0.000669391      0.000974994      0.000645288      0.000374169      0.000497722      0.000289052      0.000166396
670      0.0204841      0.0449203      0.00185445      0.00122513      0.000711473      0.0351798      0.0014367      0.000949766      0.000551639      0.000803944      0.000532135      0.000307632      0.000411011      0.000237953      0.000136552
689      0.0174425      0.0385574      0.00153806      0.00101626      0.000588027      0.0301413      0.00119146      0.000787733      0.000455954      0.00066499      0.000440228      0.000253736      0.000340469      0.000196499      0.000112411
708      0.0148862      0.0331692      0.00127909      0.000845332      0.00048735      0.0258852      0.000990837      0.000655212      0.000377945      0.000551722      0.000365316      0.000209927      0.000282883      0.000162755      9.28149e-05
727      0.0127364      0.0286029      0.00106702      0.00070539      0.000405212      0.022287      0.000826636      0.000546769      0.00031432      0.000459332      0.000304218      0.000174298      0.000235845      0.000135273      7.69032e-05
746      0.0109178      0.0247114      0.000892112      0.000589971      0.000337694      0.0192273      0.000691252      0.000457363      0.000262029      0.000383387      0.000253993      0.000145089      0.000197123      0.000112713      6.38782e-05
765      0.00937669      0.0213889      0.000747563      0.000494585      0.000282082      0.0166204      0.0005794      0.000383497      0.000218963      0.00032082      0.000212613      0.00012109      0.000165177      9.41528e-05      5.31934e-05
784      0.00806898      0.0185486      0.000627948      0.000415646      0.000236216      0.0143963      0.000486859      0.000322381      0.000183446      0.000269194      0.000178466      0.000101341      0.00013878      7.88612e-05      4.44158e-05
803      0.00695701      0.0161154      0.000528726      0.000350155      0.000198295      0.0124945      0.000410103      0.000271684      0.000154078      0.00022648      0.000150209      8.50444e-05      0.000116908      6.62284e-05      3.71857e-05
822      0.00600774      0.0140231      0.000446024      0.000295555      0.000166785      0.010862      0.000346127      0.000229419      0.000129673      0.000190954      0.000126704      7.15247e-05      9.86933e-05      5.5737e-05      3.11983e-05
841      0.00519598      0.0122209      0.000376956      0.000249943      0.00014055      0.00945804      0.000292695      0.000194112      0.000109349      0.000161343      0.000107107      6.0284e-05      8.34898e-05      4.70053e-05      2.62295e-05
860      0.00450059      0.0106658      0.00031916      0.000211762      0.000118662      0.00824843      0.000247977      0.000164554      9.23879e-05      0.000136606      9.07317e-05      5.09166e-05      7.07717e-05      3.9722e-05      2.20968e-05
879      0.00390386      0.00932159      0.000270699      0.000179734      0.000100364      0.00720435      0.000210473      0.000139755      7.82037e-05      0.000115893      7.7016e-05      4.30924e-05      6.01087e-05      3.36332e-05      1.8652e-05
898      0.00339089      0.00815776      0.000229983      0.000152812      8.50348e-05      0.00630152      0.000178954      0.000118906      6.63162e-05      9.85095e-05      6.55015e-05      3.6542e-05      5.11485e-05      2.85315e-05      1.57741e-05
917      0.00294918      0.00714838      0.000195706      0.000130137      7.21664e-05      0.00551943      0.00015241      0.00010134      5.63323e-05      8.38881e-05      5.58127e-05      3.10454e-05      4.36023e-05      2.42474e-05      1.33644e-05
936      0.0025682      0.00627153      0.000166793      0.000110999      6.13422e-05      0.00484076      0.00013001      8.65095e-05      4.793e-05      7.15627e-05      4.7642e-05      2.64229e-05      3.72334e-05      2.06421e-05      1.13425e-05
955      0.00223909      0.00550862      0.000142359      9.48167e-05      5.22201e-05      0.00425086      0.000111072      7.39638e-05      4.08447e-05      6.11509e-05      4.07368e-05      2.25271e-05      3.18469e-05      1.76018e-05      9.64233e-06
974      0.00195435      0.00484388      0.000121675      8.11087e-05      4.45185e-05      0.00373732      9.50302e-05      6.33312e-05      3.48588e-05      5.2338e-05      3.48893e-05      1.92371e-05      2.72822e-05      1.50329e-05      8.20999e-06
993      0.00170767      0.00426386      0.000104135      6.94769e-05      3.80051e-05      0.00328959      8.14191e-05      5.43039e-05      2.97928e-05      4.48642e-05      2.99279e-05      1.64533e-05      2.34069e-05      1.28582e-05      7.001e-06
1012      0.00149365      0.00375709      8.92384e-05      5.95906e-05      3.24874e-05      0.00289867      6.98507e-05      4.66266e-05      2.54979e-05      3.85145e-05      2.57104e-05      1.40936e-05      2.01108e-05      1.1014e-05      5.9787e-06
1031      0.00130774      0.00331375      7.6566e-05      5.11743e-05      2.78056e-05      0.00255688      6.00026e-05      4.00865e-05      2.18507e-05      3.311e-05      2.21187e-05      1.20895e-05      1.73024e-05      9.44722e-06      5.11272e-06
1050      0.00114603      0.00292539      6.57691e-05      4.3998e-05      2.38267e-05      0.00225764      5.16051e-05      3.45059e-05      1.87482e-05      2.8502e-05      1.90546e-05      1.03844e-05      1.49055e-05      8.11382e-06      4.37787e-06
1069      0.00100519      0.00258475      5.65557e-05      3.78694e-05      2.04397e-05      0.00199528      4.4433e-05      2.97361e-05      1.61048e-05      2.4566e-05      1.64357e-05      8.93119e-06      1.28561e-05      6.97707e-06      3.75321e-06
1088      0.000882356      0.0022856      4.86811e-05      3.2627e-05      1.75519e-05      0.00176493      3.82973e-05      2.56525e-05      1.38487e-05      2.1198e-05      1.41934e-05      7.6903e-06      1.11008e-05      6.00628e-06      3.22128e-06
1107      0.000775092      0.00202252      4.19401e-05      2.81355e-05      1.50857e-05      0.00156243      3.30398e-05      2.21506e-05      1.192e-05      1.83111e-05      1.227e-05      6.62883e-06      9.59491e-06      5.17576e-06      2.76751e-06
1126      0.000681309      0.00179091      3.61613e-05      2.42818e-05      1.29765e-05      0.00138416      2.8528e-05      1.91431e-05      1.02686e-05      1.58324e-05      1.06176e-05      5.71937e-06      8.30085e-06      4.46415e-06      2.37983e-06
1145      0.000599461      0.00158731      3.12191e-05      2.0983e-05      1.11771e-05      0.00122747      2.4665e-05      1.65659e-05      8.85812e-06      1.37089e-05      9.20093e-06      4.94193e-06      7.1913e-06      3.85583e-06      2.04942e-06
1164      0.000527872      0.00140796      2.69805e-05      1.81514e-05      9.63756e-06      0.00108945      2.13481e-05      1.43512e-05      7.64981e-06      1.18842e-05      7.98277e-06      4.2753e-06      6.23715e-06      3.33426e-06      1.76696e-06
1183      0.000465128      0.00124967      2.3336e-05      1.57144e-05      8.31681e-06      0.000967626      1.84927e-05      1.24431e-05      6.61192e-06      1.03121e-05      6.93245e-06      3.70209e-06      5.41445e-06      2.88584e-06      1.5248e-06
1202      0.000410044      0.00110975      2.01958e-05      1.36128e-05      7.18138e-06      0.000859914      1.60295e-05      1.07955e-05      5.7185e-06      8.9545e-06      6.02482e-06      3.20809e-06      4.70355e-06      2.49945e-06      1.31673e-06
1221      0.000361607      0.00098586      1.74852e-05      1.1797e-05      6.20337e-06      0.000764528      1.39004e-05      9.37029e-06      4.94792e-06      7.77988e-06      5.2389e-06      2.78149e-06      4.08804e-06      2.16584e-06      1.13759e-06
1240      0.000319191      0.000876581      1.51577e-05      1.02362e-05      5.36561e-06      0.000680364      1.20697e-05      8.14365e-06      4.28688e-06      6.76862e-06      4.56176e-06      2.41502e-06      3.5578e-06      1.87934e-06      9.84215e-07
1259      0.000281951      0.000779951      1.31522e-05      8.89024e-06      4.64543e-06      0.000605913      1.04901e-05      7.08433e-06      3.71779e-06      5.89494e-06      3.97628e-06      2.09905e-06      3.09944e-06      1.6324e-06      8.52407e-07
1278      0.000249143      0.000694235      1.14169e-05      7.72448e-06      4.0236e-06      0.000539843      9.12135e-06      6.16561e-06      3.2257e-06      5.13685e-06      3.46786e-06      1.82541e-06      2.70151e-06      1.41862e-06      7.38614e-07
1297      0.000220176      0.000618042      9.91145e-06      6.71216e-06      3.48522e-06      0.000481084      7.9322e-06      5.36672e-06      2.79902e-06      4.47725e-06      3.02515e-06      1.58776e-06      2.35511e-06      1.23303e-06      6.40095e-07
1316      0.000194766      0.000550707      8.616e-06      5.8402e-06      3.02307e-06      0.000429124      6.90733e-06      4.67754e-06      2.43215e-06      3.90784e-06      2.64265e-06      1.38305e-06      2.05592e-06      1.07325e-06      5.55537e-07
1335      0.000172387      0.000490983      7.49557e-06      5.08533e-06      2.62424e-06      0.000383009      6.01955e-06      4.07999e-06      2.11504e-06      3.41375e-06      2.31046e-06      1.20577e-06      1.79621e-06      9.34941e-07      4.82559e-07
1354      0.000152588      0.000437788      6.52101e-06      4.42814e-06      2.27803e-06      0.000341907      5.24618e-06      3.55899e-06      1.83933e-06      2.98259e-06      2.02036e-06      1.05135e-06      1.56949e-06      8.14533e-07      4.19194e-07
1373      0.000135107      0.000390488      5.67556e-06      3.85747e-06      1.97832e-06      0.000305332      4.57419e-06      3.10586e-06      1.60027e-06      2.60725e-06      1.7676e-06      9.17181e-07      1.37205e-06      7.09977e-07      3.64327e-07
1392      0.000119744      0.00034861      4.94639e-06      3.36479e-06      1.72045e-06      0.000272921      3.99361e-06      2.714e-06      1.3942e-06      2.2823e-06      1.54859e-06      8.01275e-07      1.20106e-06      6.19713e-07      3.17108e-07
1411      0.000106129      0.000311243      4.31072e-06      2.9349e-06      1.49608e-06      0.000243978      3.48668e-06      2.37154e-06      1.21462e-06      1.99801e-06      1.35682e-06      7.00053e-07      1.05143e-06      5.40934e-07      2.76004e-07
1430      9.4068e-05      0.000277913      3.75701e-06      2.5601e-06      1.30105e-06      0.000218138      3.04439e-06      2.07249e-06      1.05825e-06      1.74945e-06      1.18901e-06      6.11718e-07      9.20575e-07      4.72229e-07      2.40256e-07
1449      8.3467e-05      0.000248394      3.27935e-06      2.23645e-06      1.1332e-06      0.000195228      2.66214e-06      1.81378e-06      9.23431e-07      1.53412e-06      1.04351e-06      5.3536e-07      8.07192e-07      4.12889e-07      2.09478e-07
1468      7.40485e-05      0.000221991      2.86165e-06      1.9532e-06      9.86707e-07      0.000174718      2.32735e-06      1.58699e-06      8.05568e-07      1.34511e-06      9.15689e-07      4.68451e-07      7.0765e-07      3.60929e-07      1.82597e-07
1487      6.57039e-05      0.000198434      2.49776e-06      1.70619e-06      8.59348e-07      0.000156399      2.03518e-06      1.3889e-06      7.0292e-07      1.17977e-06      8.03776e-07      4.10032e-07      6.20559e-07      3.15597e-07      1.5921e-07
1506      5.83543e-05      0.000177527      2.183e-06      1.49234e-06      7.49447e-07      0.000140123      1.78199e-06      1.21707e-06      6.14173e-07      1.03611e-06      7.06454e-07      3.59384e-07      5.44885e-07      2.76331e-07      1.39015e-07
1525      5.17996e-05      0.000158761      1.90646e-06      1.3043e-06      6.53064e-07      0.000125497      1.5592e-06      1.06575e-06      5.36216e-07      9.09393e-07      6.20544e-07      3.14784e-07      4.78133e-07      2.4178e-07      1.21289e-07
1544      4.60199e-05      0.000142086      1.66695e-06      1.1413e-06      5.69788e-07      0.000112485      1.36587e-06      9.3432e-07      4.6873e-07      7.99133e-07      5.45724e-07      2.76059e-07      4.20048e-07      2.1181e-07      1.0596e-07
1563      4.08967e-05      0.0001272      1.4581e-06      9.9903e-07      4.97321e-07      0.000100854      1.19699e-06      8.19408e-07      4.09897e-07      7.02551e-07      4.80131e-07      2.42204e-07      3.69171e-07      1.85632e-07      9.26086e-08
1582      3.63259e-05      0.000113831      1.27455e-06      8.73897e-07      4.3375e-07      9.03964e-05      1.04832e-06      7.18169e-07      3.582e-07      6.1731e-07      4.22194e-07      2.12376e-07      3.24269e-07      1.62588e-07      8.08841e-08
1601      3.23071e-05      0.000101981      1.11611e-06      7.65787e-07      3.79017e-07      8.11141e-05      9.19733e-07      6.30524e-07      3.13598e-07      5.4335e-07      3.7188e-07      1.86555e-07      2.85315e-07      1.42661e-07      7.07791e-08
1620      2.87108e-05      9.13102e-05      9.76312e-07      6.70326e-07      3.30807e-07      7.27449e-05      8.06095e-07      5.5301e-07      2.74248e-07      4.77818e-07      3.27266e-07      1.63713e-07      2.50802e-07      1.25049e-07      6.18682e-08
1639      2.55378e-05      8.18207e-05      8.55131e-07      5.87506e-07      2.89118e-07      6.52916e-05      7.07393e-07      4.85625e-07      2.40152e-07      4.20716e-07      2.88358e-07      1.43854e-07      2.20735e-07      1.09754e-07      5.41539e-08
1658      2.27157e-05      7.33214e-05      7.49001e-07      5.14916e-07      2.52681e-07      5.86069e-05      6.20798e-07      4.26459e-07      2.10297e-07      3.70469e-07      2.54094e-07      1.26412e-07      1.94282e-07      9.63334e-08      4.7403e-08
1677      2.02004e-05      6.56935e-05      6.5584e-07      4.5115e-07      2.2076e-07      5.25993e-05      5.4465e-07      3.74391e-07      1.84096e-07      3.26154e-07      2.23851e-07      1.11057e-07      1.70957e-07      8.4531e-08      4.14815e-08
1696      1.79808e-05      5.89088e-05      5.75037e-07      3.95798e-07      1.93141e-07      4.72474e-05      4.7847e-07      3.29102e-07      1.61379e-07      2.87508e-07      1.97456e-07      9.76971e-08      1.50622e-07      7.4274e-08      3.63511e-08
1715      1.59894e-05      5.27832e-05      5.03519e-07      3.46774e-07      1.68738e-07      4.2409e-05      4.19801e-07      2.88925e-07      1.41274e-07      2.53152e-07      1.73974e-07      8.58388e-08      1.32548e-07      6.51784e-08      3.1812e-08
1734      1.42395e-05      4.73547e-05      4.41812e-07      3.04441e-07      1.47738e-07      3.81139e-05      3.6907e-07      2.54155e-07      1.23935e-07      2.23333e-07      1.53576e-07      7.55721e-08      1.16868e-07      5.7314e-08      2.79002e-08
1753      1.26646e-05      4.24395e-05      3.86976e-07      2.66799e-07      1.29107e-07      3.42198e-05      3.23918e-07      2.2319e-07      1.08527e-07      1.9672e-07      1.35359e-07      6.6423e-08      1.02878e-07      5.0312e-08      2.44247e-08
1772      1.12816e-05      3.8086e-05      3.39705e-07      2.34325e-07      1.13089e-07      3.07644e-05      2.84908e-07      1.96415e-07      9.52515e-08      1.73637e-07      1.19546e-07      5.85076e-08      9.07486e-08      4.42627e-08      2.14322e-08
1791      1.00376e-05      3.41458e-05      2.97717e-07      2.05464e-07      9.88854e-08      2.76329e-05      2.50204e-07      1.72581e-07      8.34599e-08      1.53044e-07      1.05429e-07      5.14566e-08      7.9931e-08      3.88789e-08      1.87746e-08
1810      8.94179e-06      3.06457e-05      2.61381e-07      1.8047e-07      8.66257e-08      2.4846e-05      2.20104e-07      1.51895e-07      7.32596e-08      1.35113e-07      9.31273e-08      4.53324e-08      7.05175e-08      3.42093e-08      1.64769e-08
1829      7.95891e-06      2.74859e-05      2.29216e-07      1.58332e-07      7.57926e-08      2.23264e-05      1.93416e-07      1.33541e-07      6.42311e-08      1.19165e-07      8.218e-08      3.98949e-08      6.21485e-08      3.00675e-08      1.44434e-08
1848      7.08978e-06      2.46691e-05      2.01247e-07      1.39071e-07      6.63965e-08      2.00762e-05      1.70159e-07      1.17537e-07      5.6383e-08      1.05216e-07      7.25971e-08      3.51496e-08      5.48322e-08      2.64578e-08      1.26767e-08
1867      6.31207e-06      2.21314e-05      1.76558e-07      1.22059e-07      5.81181e-08      1.80457e-05      1.49594e-07      1.03377e-07      4.94562e-08      9.2841e-08      6.40907e-08      3.09476e-08      4.83449e-08      2.32648e-08      1.11175e-08
1886      5.62303e-06      1.98651e-05      1.55038e-07      1.07222e-07      5.09198e-08      1.6229e-05      1.31629e-07      9.10004e-08      4.342e-08      8.199e-08      5.66268e-08      2.72715e-08      4.26602e-08      2.04752e-08      9.75934e-09
1905      5.00676e-06      1.78241e-05      1.36052e-07      9.41253e-08      4.45814e-08      1.45903e-05      1.15751e-07      8.00548e-08      3.80951e-08      7.23678e-08      5.00042e-08      2.40177e-08      3.76218e-08      1.80088e-08      8.56139e-09
1924      4.46075e-06      1.60012e-05      1.19501e-07      8.27018e-08      3.90695e-08      1.31238e-05      1.01879e-07      7.04865e-08      3.34543e-08      6.39287e-08      4.41921e-08      2.11707e-08      3.32061e-08      1.58538e-08      7.51771e-09
1943      3.97169e-06      1.43573e-05      1.0487e-07      7.25997e-08      3.42067e-08      1.17992e-05      8.95943e-08      6.20091e-08      2.93524e-08      5.64313e-08      3.90258e-08      1.86459e-08      2.92854e-08      1.39447e-08      6.59532e-09
1962      3.53929e-06      1.28918e-05      9.21479e-08      6.38106e-08      2.99891e-08      1.06158e-05      7.88876e-08      5.46165e-08      2.57866e-08      4.98706e-08      3.45021e-08      1.6442e-08      2.58573e-08      1.22807e-08      5.79374e-09
1981      3.15053e-06      1.15655e-05      8.08497e-08      5.60022e-08      2.62502e-08      9.54322e-06      6.93626e-08      4.80371e-08      2.26199e-08      4.4016e-08      3.04634e-08      1.44787e-08      2.27998e-08      1.07999e-08      5.08191e-09
2000      2.80842e-06      1.03881e-05      7.10796e-08      4.92466e-08      2.30262e-08      8.58884e-06      6.11058e-08      4.23305e-08      1.98826e-08      3.89189e-08      2.6945e-08      1.2774e-08      2.01405e-08      9.51612e-09      4.4668e-09
