m_sq,dd,du,ds,dc,db,uu,us,uc,ub,ss,sc,sb,cc,cb,bb,at_factorization_and_renorm_scale:q=m_sq
100      23.6858      37.8148      6.97253      4.88393      3.12943      34.1716      5.87583      4.0911      2.60226      4.1992      2.88461      1.80433      2.08907      1.30424      0.805962
138      7.02586      11.6678      1.78912      1.23935      0.791272      10.334      1.4821      1.02178      0.648212      1.02081      0.695581      0.434361      0.506791      0.316254      0.195487
157      4.25018      7.18143      1.01408      0.698946      0.444882      6.30245      0.834111      0.572479      0.362214      0.565188      0.383752      0.239113      0.280383      0.174664      0.107805
176      2.69926      4.63496      0.605813      0.415612      0.263631      4.03275      0.495149      0.338434      0.213474      0.330459      0.223653      0.138992      0.163858      0.101848      0.0627334
195      1.78219      3.1069      0.377552      0.257908      0.163002      2.68143      0.30684      0.208928      0.131352      0.201911      0.136256      0.0844374      0.100098      0.0620602      0.0381358
214      1.21462      2.14794      0.243616      0.165762      0.10437      1.83973      0.196982      0.133658      0.083741      0.127924      0.0861023      0.0531966      0.0634226      0.0392141      0.0240341
233      0.849864      1.52347      0.161814      0.109706      0.0688092      1.29553      0.130235      0.088087      0.0549934      0.0835419      0.056098      0.034551      0.0414308      0.0255429      0.0156116
252      0.608049      1.10421      0.110168      0.0744463      0.0465122      0.932676      0.0882956      0.059547      0.0370417      0.0559903      0.0375184      0.0230343      0.0277813      0.0170768      0.010407
271      0.443408      0.815284      0.0766151      0.0516178      0.0321231      0.684257      0.0611686      0.0411432      0.0255001      0.0383721      0.0256642      0.0157056      0.0190525      0.0116756      0.00709419
290      0.328707      0.611647      0.0542697      0.0364635      0.022603      0.510269      0.0431768      0.0289716      0.0178903      0.0268125      0.0179026      0.0109202      0.0133242      0.00813994      0.00493079
309      0.247208      0.465328      0.0390688      0.0261855      0.0161682      0.386007      0.0309841      0.020745      0.0127633      0.0190588      0.0127064      0.00772549      0.00948045      0.00577366      0.00348663
328      0.188291      0.358399      0.0285322      0.019081      0.0117355      0.295722      0.0225625      0.0150768      0.00924202      0.0137552      0.00915839      0.00555027      0.00684995      0.00415861      0.00250353
347      0.145041      0.279075      0.0211055      0.0140862      0.00862981      0.229115      0.0166458      0.0111035      0.00678155      0.0100634      0.00669249      0.00404277      0.00501761      0.00303662      0.00182237
366      0.112852      0.219433      0.015791      0.0105204      0.00642024      0.179297      0.0124246      0.00827469      0.00503541      0.00745253      0.00495105      0.00298118      0.0037207      0.00224464      0.00134285
385      0.0886002      0.174049      0.0119368      0.00793991      0.00482674      0.14158      0.00937177      0.00623271      0.00377901      0.00557994      0.00370364      0.00222292      0.00278967      0.00167764      0.00100048
404      0.0701321      0.139151      0.00910852      0.00605017      0.00366382      0.112718      0.00713732      0.00474079      0.00286403      0.00422019      0.00279892      0.00167456      0.00211293      0.00126665      0.000752999
423      0.0559267      0.112053      0.00700999      0.00465056      0.00280549      0.0904083      0.00548331      0.0036382      0.00219002      0.00322119      0.00213493      0.00127326      0.00161519      0.000965218      0.000571994
442      0.0448989      0.0908209      0.00543678      0.00360303      0.00216529      0.0730046      0.00424605      0.00281461      0.00168819      0.00247919      0.00164221      0.000976315      0.00124506      0.000741685      0.000438139
461      0.0362688      0.0740537      0.00424687      0.0028119      0.00168344      0.0593183      0.00331212      0.00219375      0.0013111      0.00192287      0.0012731      0.000754498      0.000967195      0.000574344      0.000338214
480      0.0294644      0.0607152      0.00333934      0.00220931      0.0013177      0.0484742      0.00260113      0.00172165      0.00102529      0.00150206      0.000994101      0.000587311      0.000756737      0.000447954      0.000262953
499      0.0240621      0.0500322      0.00264177      0.0017467      0.00103787      0.0398219      0.00205556      0.00135978      0.000806918      0.00118112      0.000781452      0.000460245      0.000596005      0.000351698      0.000205799
518      0.0197453      0.0414223      0.00210172      0.00138892      0.000822203      0.0328739      0.00163383      0.0010803      0.000638817      0.00093445      0.000618109      0.000362918      0.000472297      0.000277824      0.000162059
537      0.0162752      0.0344421      0.00168076      0.0011103      0.000654824      0.0272604      0.00130555      0.000862941      0.000508493      0.000743485      0.000491714      0.000287819      0.000376387      0.000220712      0.00012834
556      0.0134697      0.028752      0.00135051      0.000891891      0.000524065      0.0226993      0.00104833      0.000692749      0.000406779      0.000594624      0.000393226      0.000229465      0.000301514      0.000176252      0.000102164
575      0.0111922      0.0240942      0.00109027      0.000719906      0.000421456      0.0189774      0.000845874      0.000558873      0.00032703      0.000478028      0.000316113      0.000183906      0.000242782      0.000141478      8.17512e-05
594      0.00933304      0.0202613      0.000883882      0.000583581      0.000340398      0.0159236      0.000685463      0.000452855      0.000264076      0.000386066      0.000255309      0.000148082      0.000196389      0.000114087      6.57174e-05
613      0.00780832      0.0170926      0.000719308      0.000474927      0.00027601      0.013406      0.000557665      0.000368426      0.0002141      0.000313112      0.000207082      0.000119747      0.000159529      9.2385e-05      5.30497e-05
632      0.00655414      0.0144653      0.000587679      0.000388056      0.000224709      0.0113241      0.000455529      0.000300974      0.000174303      0.000255044      0.000168702      9.72606e-05      0.000130145      7.51349e-05      4.301e-05
651      0.00551694      0.0122756      0.000481711      0.000318139      0.000183556      0.00959321      0.000373356      0.000246718      0.000142392      0.000208499      0.00013794      7.92868e-05      0.000106556      6.13252e-05      3.49952e-05
670      0.00465739      0.0104466      0.000396233      0.000261752      0.000150481      0.00815095      0.000307109      0.000202985      0.000116754      0.000171107      0.000113229      6.48893e-05      8.75771e-05      5.02467e-05      2.85843e-05
689      0.00394174      0.0089122      0.000326894      0.000216015      0.000123743      0.00694359      0.000253392      0.000167528      9.60323e-05      0.000140886      9.3257e-05      5.32843e-05      7.22147e-05      4.13045e-05      2.34243e-05
708      0.00334411      0.00762106      0.000270457      0.000178789      0.000102053      0.00592976      0.000209686      0.000138679      7.92257e-05      0.00011637      7.70541e-05      4.38955e-05      5.97339e-05      3.40601e-05      1.9256e-05
727      0.00284415      0.00653264      0.000224443      0.000148436      8.44288e-05      0.0050768      0.00017406      0.000115163      6.55706e-05      9.64435e-05      6.38833e-05      3.62852e-05      4.95745e-05      2.81805e-05      1.58829e-05
746      0.00242398      0.0056111      0.000186711      0.000123544      7.00228e-05      0.00435592      0.000144851      9.58799e-05      5.44086e-05      8.01472e-05      5.31103e-05      3.00772e-05      4.12539e-05      2.33785e-05      1.31358e-05
765      0.00207008      0.00482911      0.000155696      0.000103078      5.82179e-05      0.00374524      0.000120843      8.00277e-05      4.52611e-05      6.67834e-05      4.42741e-05      2.49992e-05      3.44207e-05      1.94462e-05      1.08926e-05
784      0.00177143      0.00416429      0.000130151      8.62168e-05      4.85249e-05      0.00322688      0.000101068      6.69677e-05      3.77488e-05      5.57998e-05      3.70101e-05      2.08362e-05      2.87965e-05      1.62189e-05      9.05698e-06
803      0.00151882      0.0035978      0.000109055      7.22881e-05      4.05447e-05      0.00278584      8.47352e-05      5.61784e-05      3.15623e-05      4.6746e-05      3.10207e-05      1.74132e-05      2.41541e-05      1.35626e-05      7.55054e-06
822      0.00130447      0.00311358      9.15634e-05      6.07348e-05      3.39471e-05      0.00240935      7.11909e-05      4.72277e-05      2.64461e-05      3.92504e-05      2.60606e-05      1.45861e-05      2.03054e-05      1.13667e-05      6.30872e-06
841      0.00112221      0.00269887      7.70284e-05      5.113e-05      2.84803e-05      0.00208731      5.99329e-05      3.97851e-05      2.22052e-05      3.30295e-05      2.19427e-05      1.22454e-05      1.71069e-05      9.54704e-06      5.28258e-06
860      0.00096694      0.00234302      6.49237e-05      4.31272e-05      2.39403e-05      0.00181129      5.05542e-05      3.35823e-05      1.86817e-05      2.7854e-05      1.85153e-05      1.03026e-05      1.44424e-05      8.03547e-06      4.43264e-06
879      0.000834418      0.0020371      5.48211e-05      3.64445e-05      2.01617e-05      0.00157425      4.27236e-05      2.84008e-05      1.57476e-05      2.35377e-05      1.56558e-05      8.68607e-06      1.22175e-05      6.77686e-06      3.72699e-06
898      0.000721102      0.00177364      4.63714e-05      3.0852e-05      1.70099e-05      0.00137029      3.61712e-05      2.40629e-05      1.32989e-05      1.99295e-05      1.32644e-05      7.33785e-06      1.03552e-05      5.72645e-06      3.13975e-06
917      0.000624036      0.00154634      3.92897e-05      2.6162e-05      1.43755e-05      0.00119448      3.06767e-05      2.04233e-05      1.12508e-05      1.69062e-05      1.12597e-05      6.21076e-06      8.79295e-06      4.84779e-06      2.64995e-06
936      0.000540746      0.00134991      3.33426e-05      2.22208e-05      1.21689e-05      0.00104266      2.60598e-05      1.73633e-05      9.5342e-06      1.43674e-05      9.57534e-06      5.2664e-06      7.47952e-06      4.11119e-06      2.24053e-06
955      0.00046916      0.00117988      2.83388e-05      1.89024e-05      1.03171e-05      0.000911327      2.21727e-05      1.47853e-05      8.09254e-06      1.22308e-05      8.15715e-06      4.47343e-06      6.37294e-06      3.49239e-06      1.89757e-06
974      0.000407538      0.00103247      2.4121e-05      1.61033e-05      8.76011e-06      0.000797539      1.88938e-05      1.26093e-05      6.87945e-06      1.04291e-05      6.96058e-06      3.80621e-06      5.43877e-06      2.9715e-06      1.60971e-06
993      0.000354415      0.000904498      2.05595e-05      1.3738e-05      7.44871e-06      0.000698798      1.61231e-05      1.07693e-05      5.85683e-06      8.90689e-06      5.949e-06      3.24369e-06      4.64866e-06      2.5322e-06      1.36764e-06
1012      0.000308553      0.000793238      1.75473e-05      1.17359e-05      6.34227e-06      0.000612986      1.37777e-05      9.21063e-06      4.99327e-06      7.61833e-06      5.09219e-06      2.76853e-06      3.97916e-06      2.16103e-06      1.16369e-06
1031      0.000268907      0.000696377      1.49955e-05      1.00384e-05      5.40723e-06      0.000538304      1.17891e-05      7.88808e-06      4.26278e-06      6.5256e-06      4.36515e-06      2.36644e-06      3.41085e-06      1.84686e-06      9.91566e-07
1050      0.000234587      0.000611942      1.28303e-05      8.59696e-06      4.61574e-06      0.000473217      1.01003e-05      6.76401e-06      3.64383e-06      5.59729e-06      3.7471e-06      2.02556e-06      2.92759e-06      1.58047e-06      8.46034e-07
1069      0.000204839      0.000538242      1.09904e-05      7.37096e-06      3.94469e-06      0.000416413      8.66362e-06      5.80707e-06      3.11851e-06      4.80729e-06      3.22077e-06      1.73607e-06      2.51596e-06      1.35422e-06      7.22778e-07
1088      0.00017902      0.00047383      9.42428e-06      6.32657e-06      3.37485e-06      0.000366772      7.43956e-06      4.99107e-06      2.67192e-06      4.13381e-06      2.77178e-06      1.48977e-06      2.16475e-06      1.16172e-06      6.18209e-07
1107      0.000156582      0.000417463      8.08928e-06      5.43549e-06      2.8902e-06      0.00032333      6.39496e-06      4.29414e-06      2.29165e-06      3.55869e-06      2.38808e-06      1.27987e-06      1.86458e-06      9.97665e-07      5.29343e-07
1126      0.00013706      0.000368079      6.94963e-06      4.67414e-06      2.4774e-06      0.000285266      5.5022e-06      3.69802e-06      1.96737e-06      3.06678e-06      2.05967e-06      1.10069e-06      1.60764e-06      8.57635e-07      4.53705e-07
1145      0.000120085      0.000324835      5.97786e-06      4.02434e-06      2.12623e-06      0.00025193      4.74002e-06      3.18866e-06      1.69115e-06      2.64644e-06      1.77883e-06      9.47903e-07      1.38793e-06      7.38242e-07      3.89404e-07
1164      0.0001053      0.000286904      5.14735e-06      3.46849e-06      1.82679e-06      0.000222683      4.08782e-06      2.75241e-06      1.45531e-06      2.28638e-06      1.53808e-06      8.17292e-07      1.19959e-06      6.36196e-07      3.34604e-07
1183      9.24005e-05      0.00025358      4.43606e-06      2.992e-06      1.57089e-06      0.000196981      3.52853e-06      2.37799e-06      1.25349e-06      1.97727e-06      1.33124e-06      7.0538e-07      1.03779e-06      5.4878e-07      2.87792e-07
1202      8.11296e-05      0.000224263      3.82579e-06      2.5828e-06      1.35181e-06      0.000174361      3.04803e-06      2.05603e-06      1.08047e-06      1.71138e-06      1.15319e-06      6.09302e-07      8.98535e-07      4.73752e-07      2.47726e-07
1221      7.12681e-05      0.000198437      3.30132e-06      2.23081e-06      1.16393e-06      0.000154425      2.63452e-06      1.77873e-06      9.31879e-07      1.48226e-06      9.99645e-07      5.26667e-07      7.78468e-07      4.09242e-07      2.13372e-07
1240      6.26597e-05      0.000175731      2.85203e-06      1.92899e-06      1.00335e-06      0.000136889      2.27978e-06      1.5406e-06      8.04687e-07      1.28542e-06      8.67619e-07      4.55819e-07      6.75257e-07      3.53954e-07      1.84016e-07
1259      5.51304e-05      0.000155731      2.46615e-06      1.66952e-06      8.65728e-07      0.000121434      1.97464e-06      1.3356e-06      6.95518e-07      1.11584e-06      7.53792e-07      3.94906e-07      5.863e-07      3.06439e-07      1.58859e-07
1278      4.85284e-05      0.000138073      2.13365e-06      1.44573e-06      7.47393e-07      0.000107781      1.71134e-06      1.15854e-06      6.01502e-07      9.6928e-07      6.55331e-07      3.42357e-07      5.09379e-07      2.65466e-07      1.37226e-07
1297      4.27291e-05      0.000122458      1.84652e-06      1.25231e-06      6.45411e-07      9.56994e-05      1.48363e-06      1.00528e-06      5.20356e-07      8.42317e-07      5.69971e-07      2.96919e-07      4.42718e-07      2.30054e-07      1.18579e-07
1316      3.7655e-05      0.000108697      1.59989e-06      1.08601e-06      5.58015e-07      8.50434e-05      1.28771e-06      8.733e-07      4.50698e-07      7.32883e-07      4.96333e-07      2.57835e-07      3.85238e-07      1.99612e-07      1.02597e-07
1335      3.32031e-05      9.65373e-05      1.38726e-06      9.42497e-07      4.82826e-07      7.56206e-05      1.11854e-06      7.59227e-07      3.90671e-07      6.38204e-07      4.32572e-07      2.24086e-07      3.35491e-07      1.73341e-07      8.88441e-08
1354      2.92842e-05      8.57616e-05      1.20316e-06      8.18132e-07      4.17856e-07      6.7263e-05      9.71836e-07      6.60221e-07      3.38719e-07      5.55947e-07      3.7713e-07      1.94818e-07      2.92257e-07      1.50571e-07      7.69551e-08
1373      2.5838e-05      7.62197e-05      1.04401e-06      7.10518e-07      3.61805e-07      5.98557e-05      8.44801e-07      5.7441e-07      2.93822e-07      4.84572e-07      3.28983e-07      1.6947e-07      2.54733e-07      1.30863e-07      6.66936e-08
1392      2.28165e-05      6.77922e-05      9.06957e-07      6.17759e-07      3.13646e-07      5.3307e-05      7.35213e-07      5.00316e-07      2.55178e-07      4.22864e-07      2.87321e-07      1.476e-07      2.22284e-07      1.13871e-07      5.78732e-08
1411      2.01517e-05      6.03096e-05      7.88021e-07      5.3719e-07      2.71935e-07      4.74868e-05      6.39957e-07      4.35855e-07      2.21651e-07      3.69112e-07      2.51001e-07      1.28583e-07      1.94012e-07      9.91068e-08      5.02287e-08
1430      1.78015e-05      5.36653e-05      6.8483e-07      4.67225e-07      2.35817e-07      4.23135e-05      5.57175e-07      3.79786e-07      1.92571e-07      3.22293e-07      2.1934e-07      1.12049e-07      1.69383e-07      8.62795e-08      4.36051e-08
1449      1.57395e-05      4.7792e-05      5.95895e-07      4.06869e-07      2.04762e-07      3.77353e-05      4.85698e-07      3.3133e-07      1.67519e-07      2.81767e-07      1.9191e-07      9.77679e-08      1.48062e-07      7.52091e-08      3.79061e-08
1468      1.39168e-05      4.25656e-05      5.18498e-07      3.54299e-07      1.77786e-07      3.36568e-05      4.23392e-07      2.89055e-07      1.45723e-07      2.46357e-07      1.67924e-07      8.53115e-08      1.29431e-07      6.55605e-08      3.29517e-08
1487      1.23082e-05      3.79208e-05      4.51293e-07      3.08612e-07      1.54411e-07      3.00281e-05      3.69198e-07      2.52252e-07      1.26802e-07      2.15481e-07      1.46991e-07      7.447e-08      1.13184e-07      5.71699e-08      2.8655e-08
1506      1.08941e-05      3.38073e-05      3.93234e-07      2.69107e-07      1.34262e-07      2.68105e-05      3.22292e-07      2.2037e-07      1.10462e-07      1.88683e-07      1.28808e-07      6.50805e-08      9.90829e-08      4.99097e-08      2.49482e-08
1525      9.64012e-06      3.01357e-05      3.42504e-07      2.34562e-07      1.16689e-07      2.39352e-05      2.81241e-07      1.92445e-07      9.61866e-08      1.65172e-07      1.12843e-07      5.68561e-08      8.67116e-08      4.35556e-08      2.17119e-08
1544      8.53647e-06      2.68801e-05      2.98616e-07      2.0465e-07      1.01521e-07      2.13823e-05      2.45661e-07      1.6822e-07      8.38416e-08      1.44736e-07      9.89534e-08      4.97222e-08      7.59586e-08      3.80494e-08      1.89158e-08
1563      7.56159e-06      2.39841e-05      2.60462e-07      1.78624e-07      8.83609e-08      1.91084e-05      2.14673e-07      1.47105e-07      7.3112e-08      1.26888e-07      8.68133e-08      4.35036e-08      6.65684e-08      3.32542e-08      1.64874e-08
1582      6.69637e-06      2.13968e-05      2.27095e-07      1.55847e-07      7.68737e-08      1.70743e-05      1.87529e-07      1.28594e-07      6.37301e-08      1.11211e-07      7.6142e-08      3.80509e-08      5.83212e-08      2.90533e-08      1.43652e-08
1601      5.93613e-06      1.91056e-05      1.98289e-07      1.36165e-07      6.69805e-08      1.52704e-05      1.64048e-07      1.12567e-07      5.56336e-08      9.76058e-08      6.68733e-08      3.33296e-08      5.11656e-08      2.54198e-08      1.25354e-08
1620      5.25985e-06      1.70543e-05      1.73018e-07      1.18888e-07      5.8317e-08      1.36534e-05      1.43416e-07      9.8475e-08      4.8532e-08      8.56195e-08      5.87013e-08      2.91766e-08      4.48621e-08      2.22267e-08      1.09311e-08
1639      4.66399e-06      1.52331e-05      1.51127e-07      1.03909e-07      5.08295e-08      1.22155e-05      1.25508e-07      8.62333e-08      4.2382e-08      7.51816e-08      5.15792e-08      2.5568e-08      3.93744e-08      1.94552e-08      9.54272e-09
1658      4.13606e-06      1.36083e-05      1.32022e-07      9.08265e-08      4.43081e-08      1.09309e-05      1.09851e-07      7.55228e-08      3.70159e-08      6.60286e-08      4.5329e-08      2.24094e-08      3.45632e-08      1.70318e-08      8.33193e-09
1677      3.6675e-06      1.21563e-05      1.15315e-07      7.93784e-08      3.86165e-08      9.78129e-06      9.61362e-08      6.61335e-08      3.23243e-08      5.79859e-08      3.98331e-08      1.96391e-08      3.03368e-08      1.49086e-08      7.27377e-09
1696      3.25454e-06      1.08666e-05      1.00834e-07      6.94477e-08      3.36946e-08      8.7586e-06      8.42243e-08      5.79724e-08      2.8259e-08      5.09767e-08      3.50396e-08      1.72301e-08      2.66549e-08      1.30643e-08      6.3574e-09
1715      2.88623e-06      9.7091e-06      8.80901e-08      6.07033e-08      2.93709e-08      7.83941e-06      7.37248e-08      5.07743e-08      2.46819e-08      4.47807e-08      3.07995e-08      1.5104e-08      2.3401e-08      1.14383e-08      5.55127e-09
1734      2.56252e-06      8.68338e-06      7.70833e-08      5.31451e-08      2.5646e-08      7.02349e-06      6.46371e-08      4.45393e-08      2.15935e-08      3.93978e-08      2.71129e-08      1.32614e-08      2.05755e-08      1.00309e-08      4.85571e-09
1753      2.27311e-06      7.76072e-06      6.73669e-08      4.64692e-08      2.23632e-08      6.28855e-06      5.66023e-08      3.90235e-08      1.88674e-08      3.4625e-08      2.3842e-08      1.16301e-08      1.80709e-08      8.78599e-09      4.2418e-09
1772      2.01883e-06      6.94327e-06      5.89784e-08      4.07016e-08      1.95365e-08      5.63623e-06      4.96505e-08      3.42475e-08      1.65148e-08      3.04795e-08      2.09989e-08      1.02166e-08      1.58968e-08      7.70885e-09      3.71231e-09
1791      1.79153e-06      6.20801e-06      5.15744e-08      3.56082e-08      1.70457e-08      5.04869e-06      4.35049e-08      3.0023e-08      1.44385e-08      2.6804e-08      1.84766e-08      8.96539e-09      1.39698e-08      6.75626e-09      3.24504e-09
1810      1.59134e-06      5.55514e-06      4.51627e-08      3.11945e-08      1.48941e-08      4.52603e-06      3.81714e-08      2.63543e-08      1.26411e-08      2.36019e-08      1.62775e-08      7.87791e-09      1.2292e-08      5.92944e-09      2.84071e-09
1829      1.41273e-06      4.96886e-06      3.95167e-08      2.73059e-08      1.3003e-08      4.05596e-06      3.34671e-08      2.31166e-08      1.10586e-08      2.07687e-08      1.43307e-08      6.91736e-09      1.08082e-08      5.19989e-09      2.48474e-09
1848      1.25496e-06      4.44688e-06      3.46092e-08      2.39239e-08      1.13632e-08      3.63671e-06      2.93695e-08      2.02946e-08      9.6834e-09      1.82916e-08      1.26274e-08      6.07944e-09      9.51163e-09      4.56431e-09      2.17553e-09
1867      1.11442e-06      3.97874e-06      3.02961e-08      2.09501e-08      9.9247e-09      3.26009e-06      2.57619e-08      1.78088e-08      8.47496e-09      1.61035e-08      1.1122e-08      5.34065e-09      8.36701e-09      4.00454e-09      1.90383e-09
1886      9.90091e-07      3.56136e-06      2.65397e-08      1.83587e-08      8.67486e-09      2.92369e-06      2.26132e-08      1.5638e-08      7.42274e-09      1.41867e-08      9.80237e-09      4.69488e-09      7.36493e-09      3.51589e-09      1.66733e-09
1905      8.79359e-07      3.18707e-06      2.3239e-08      1.60806e-08      7.57881e-09      2.62152e-06      1.98415e-08      1.37262e-08      6.4983e-09      1.24938e-08      8.63626e-09      4.12561e-09      6.48043e-09      3.08561e-09      1.45957e-09
1924      7.81384e-07      2.8533e-06      2.03637e-08      1.40951e-08      6.62631e-09      2.35154e-06      1.74219e-08      1.20563e-08      5.69319e-09      1.10103e-08      7.61378e-09      3.62788e-09      5.70589e-09      2.70992e-09      1.27867e-09
1943      6.94019e-07      2.55364e-06      1.78332e-08      1.23471e-08      5.78965e-09      2.10875e-06      1.52886e-08      1.05833e-08      4.9847e-09      9.69797e-09      6.70886e-09      3.18842e-09      5.02119e-09      2.37857e-09      1.11949e-09
1962      6.16833e-07      2.28674e-06      1.56327e-08      1.08263e-08      5.06394e-09      1.89208e-06      1.34294e-08      9.29897e-09      4.36879e-09      8.5498e-09      5.91667e-09      2.80483e-09      4.42261e-09      2.08976e-09      9.81146e-10
1981      5.47804e-07      2.04649e-06      1.3689e-08      9.48245e-09      4.42405e-09      1.69671e-06      1.17842e-08      8.16202e-09      3.82475e-09      7.5306e-09      5.21314e-09      2.46492e-09      3.89159e-09      1.8341e-09      8.58945e-10
2000      4.87023e-07      1.83313e-06      1.20058e-08      8.31825e-09      3.87144e-09      1.52284e-06      1.03562e-08      7.17469e-09      3.35379e-09      6.64221e-09      4.59957e-09      2.16941e-09      3.42917e-09      1.61217e-09      7.53188e-10
