m_sq,dd,du,ds,dc,db,uu,us,uc,ub,ss,sc,sb,cc,cb,bb,at_factorization_and_renorm_scale:q=m_sq
100      26.4204      41.2671      8.48728      6.03468      3.93529      37.7433      7.23723      5.11146      3.3072      5.30192      3.69142      2.34794      2.68753      1.70462      1.06976
138      8.06055      13.054      2.27219      1.59814      1.03929      11.7344      1.90542      1.33261      0.860571      1.34931      0.931446      0.591721      0.680933      0.431925      0.271287
157      4.93394      8.11956      1.31      0.91663      0.594402      7.23941      1.09071      0.759256      0.489098      0.760486      0.522892      0.331472      0.382988      0.24254      0.152128
176      3.18128      5.31279      0.799017      0.556464      0.359759      4.70074      0.661065      0.458231      0.294393      0.454406      0.311345      0.196909      0.22849      0.144423      0.0904319
195      2.12693      3.60206      0.506348      0.351038      0.226177      3.16356      0.416485      0.287515      0.184145      0.282405      0.192849      0.121632      0.141803      0.0894178      0.0558666
214      1.47085      2.52376      0.332961      0.229875      0.147605      2.20109      0.272437      0.187373      0.119633      0.182404      0.124191      0.0781112      0.0914987      0.0575554      0.0358763
233      1.04315      1.81242      0.224959      0.1547      0.0989799      1.57011      0.183174      0.125537      0.079889      0.121169      0.0822699      0.0515922      0.0607338      0.0381017      0.0236895
252      0.756454      1.33012      0.155717      0.106691      0.0680152      1.1449      0.126226      0.0862241      0.0546866      0.0825493      0.0559064      0.0349535      0.0413544      0.0258721      0.0160429
271      0.558103      0.992809      0.109787      0.0749574      0.0476046      0.849246      0.0886195      0.0603453      0.0381382      0.0573206      0.0387272      0.0241357      0.0287044      0.017905      0.0110705
290      0.419967      0.755276      0.0791756      0.0538892      0.0341025      0.642317      0.0636689      0.0432352      0.0272338      0.0407683      0.0274873      0.0170796      0.0204148      0.0126986      0.00783005
309      0.320031      0.581729      0.0578728      0.0392729      0.0247614      0.491942      0.0463727      0.0314067      0.0197149      0.0294045      0.0197869      0.0122567      0.0147255      0.00913288      0.0056152
328      0.247037      0.453706      0.0429131      0.0290413      0.0182436      0.381618      0.0342729      0.0231553      0.0144854      0.0215318      0.0144636      0.00893164      0.0107857      0.00666982      0.00408899
347      0.19278      0.357634      0.0322057      0.0217394      0.0136065      0.299262      0.0256428      0.0172853      0.010776      0.0159682      0.0107089      0.00659253      0.00800191      0.0049337      0.00301578
366      0.15163      0.284112      0.0243697      0.0164096      0.0102315      0.236543      0.0193473      0.0130131      0.00808357      0.0119443      0.00799789      0.0049077      0.0059883      0.00368072      0.00224294
385      0.120943      0.228723      0.0187578      0.0126049      0.00783217      0.189558      0.0148545      0.00997313      0.00617514      0.00910042      0.00608603      0.00372377      0.00456584      0.00279859      0.00170067
404      0.0966319      0.184514      0.014441      0.00968331      0.00599349      0.152203      0.0114069      0.00764386      0.00471559      0.00693287      0.00463029      0.00282374      0.00348073      0.00212666      0.00128821
423      0.0782654      0.150773      0.0113091      0.00757021      0.00466955      0.123851      0.0089138      0.00596413      0.0036675      0.0053801      0.0035896      0.00218282      0.00270364      0.00164726      0.000995036
442      0.0637217      0.12384      0.0089057      0.00595178      0.00365837      0.101314      0.00700523      0.00468041      0.0028686      0.00419974      0.00279939      0.0016973      0.00211253      0.0012834      0.000773008
461      0.0521598      0.102255      0.00705469      0.00470769      0.00288339      0.0833282      0.00553874      0.00369569      0.00225749      0.00329911      0.00219715      0.00132818      0.00166121      0.00100626      0.000604299
480      0.0429261      0.0848758      0.00562252      0.0037469      0.00228675      0.068907      0.00440664      0.00293675      0.00178788      0.00260862      0.00173592      0.00104625      0.00131496      0.00079417      0.000475522
499      0.0355031      0.0707929      0.00450647      0.00299947      0.00182408      0.0572677      0.00352628      0.00234748      0.00142434      0.00207524      0.00138001      0.00082926      0.00104729      0.000630638      0.000376483
518      0.0294859      0.0592879      0.00362866      0.00241253      0.00146187      0.0477956      0.00283522      0.00188556      0.00114019      0.00165919      0.00110264      0.000660598      0.000838316      0.000503291      0.000299554
537      0.0245676      0.0498126      0.0029319      0.00194731      0.00117565      0.0400233      0.00228769      0.00152004      0.000915988      0.00133154      0.000884381      0.000528217      0.00067359      0.000403157      0.000239215
556      0.0206069      0.0421169      0.00238886      0.00158534      0.000953809      0.0337365      0.00186179      0.00123615      0.000742484      0.00107835      0.000715902      0.000426363      0.000546207      0.000325972      0.000192855
575      0.0173807      0.0357985      0.00195966      0.00129965      0.000779318      0.0285938      0.00152574      0.00101242      0.000606194      0.000879752      0.000583852      0.000346763      0.000446194      0.000265544      0.000156664
594      0.0146327      0.0303848      0.00160213      0.00106181      0.000634342      0.024199      0.00124612      0.000826357      0.000493058      0.000715192      0.00047446      0.000280924      0.000363207      0.000215482      0.000126728
613      0.0124344      0.0260136      0.001326      0.000878411      0.000523069      0.0206654      0.00103055      0.000683125      0.000406346      0.000589161      0.000390769      0.000230751      0.000299602      0.000177261      0.000103964
632      0.010545      0.0222356      0.00109354      0.000724087      0.00042961      0.0176183      0.000849237      0.0005627      0.000333567      0.000483546      0.000320641      0.00018877      0.000246224      0.000145233      8.49157e-05
651      0.00900857      0.0191365      0.000910571      0.000602767      0.000356454      0.0151281      0.000706731      0.000468156      0.000276662      0.000401012      0.000265882      0.000156109      0.000204471      0.000120271      7.0125e-05
670      0.00767158      0.0164255      0.000754387      0.000499233      0.000294133      0.0129542      0.000585179      0.000387528      0.000228211      0.000330835      0.000219321      0.000128375      0.000168917      9.90447e-05      5.75646e-05
689      0.00659747      0.0142265      0.000633248      0.000419027      0.000246095      0.0111976      0.000491028      0.000325147      0.000190903      0.000276797      0.000183498      0.000107127      0.000141514      8.27544e-05      4.79669e-05
708      0.0056525      0.0122824      0.000528546      0.00034971      0.000204646      0.00964741      0.000409698      0.000271263      0.000158724      0.000230242      0.000152631      8.88415e-05      0.000117871      6.87165e-05      3.97067e-05
727      0.00486338      0.0106464      0.000443516      0.000293451      0.000171129      0.00834658      0.000343706      0.000227566      0.000132719      0.000192627      0.000127702      7.41181e-05      9.87451e-05      5.73963e-05      3.30666e-05
746      0.00420785      0.00927621      0.000374905      0.000248082      0.000144209      0.00726029      0.0002905      0.000192355      0.000111845      0.000162429      0.000107696      6.23423e-05      8.3373e-05      4.83291e-05      2.77665e-05
765      0.00363878      0.00807979      0.000316559      0.000209505      0.000121375      0.00631358      0.000245275      0.000162429      9.41439e-05      0.000136833      9.07377e-05      5.23798e-05      7.03257e-05      4.06483e-05      2.32858e-05
784      0.00312781      0.0070008      0.000264987      0.000175402      0.000101218      0.00546099      0.000205314      0.000135981      7.8521e-05      0.000114262      7.57799e-05      4.36018e-05      5.88031e-05      3.38726e-05      1.93377e-05
803      0.00272276      0.0061361      0.00022563      0.000149394      8.59382e-05      0.00478012      0.000174839      0.000115827      6.66838e-05      9.71354e-05      6.4437e-05      3.6979e-05      5.00508e-05      2.87529e-05      1.63702e-05
822      0.00237203      0.0053827      0.000192267      0.000127347      7.3021e-05      0.00418796      0.000149013      9.87472e-05      5.66779e-05      8.26569e-05      5.48471e-05      3.13922e-05      4.26422e-05      2.44291e-05      1.38698e-05
841      0.00206817      0.0047259      0.000163975      0.00010865      6.20977e-05      0.00367262      0.000127118      8.4266e-05      4.8217e-05      7.04109e-05      4.67353e-05      2.66772e-05      3.6368e-05      2.0776e-05      1.17623e-05
860      0.00180482      0.00415303      0.000139978      9.27898e-05      5.28584e-05      0.00322391      0.000108549      7.1984e-05      4.10606e-05      6.00489e-05      3.98706e-05      2.26966e-05      3.10523e-05      1.76886e-05      9.98564e-06
879      0.00157651      0.00365318      0.00011962      7.93324e-05      4.50425e-05      0.00283304      9.27977e-05      6.15644e-05      3.50065e-05      5.12779e-05      3.40593e-05      1.93348e-05      2.65471e-05      1.50786e-05      8.48752e-06
898      0.00137855      0.00321695      0.000102348      6.79131e-05      3.84306e-05      0.00249246      7.9435e-05      5.27235e-05      2.98845e-05      4.38519e-05      2.91383e-05      1.64953e-05      2.27281e-05      1.28718e-05      7.22419e-06
917      0.00120689      0.00283617      8.76943e-05      5.82223e-05      3.28371e-05      0.00219562      6.80975e-05      4.5221e-05      2.55508e-05      3.75632e-05      2.49702e-05      1.40963e-05      1.949e-05      1.10058e-05      6.15878e-06
936      0.00105799      0.00250368      7.52586e-05      4.99959e-05      2.8104e-05      0.00193681      5.84751e-05      3.8852e-05      2.18828e-05      3.22351e-05      2.1438e-05      1.20686e-05      1.67431e-05      9.42712e-06      5.25995e-06
955      0.000928724      0.0022131      6.46945e-05      4.30052e-05      2.40947e-05      0.00171093      5.02996e-05      3.34391e-05      1.87749e-05      2.77153e-05      1.84409e-05      1.03527e-05      1.44103e-05      8.09006e-06      4.50079e-06
974      0.000816309      0.00195872      5.57017e-05      3.7052e-05      2.06914e-05      0.00151344      4.33386e-05      2.88288e-05      1.61358e-05      2.38723e-05      1.58919e-05      8.89702e-06      1.24244e-05      6.95501e-06      3.85811e-06
993      0.000718301      0.00173548      4.80241e-05      3.19672e-05      1.77936e-05      0.00134033      3.73938e-05      2.489e-05      1.38879e-05      2.05943e-05      1.3717e-05      7.65824e-06      1.07286e-05      5.98838e-06      3.31228e-06
1012      0.000632619      0.00153905      4.14484e-05      2.76101e-05      1.53182e-05      0.00118817      3.23005e-05      2.1514e-05      1.19667e-05      1.77887e-05      1.18549e-05      6.60033e-06      9.27561e-06      5.16234e-06      2.84711e-06
1031      0.000557519      0.00136578      3.57998e-05      2.38653e-05      1.31973e-05      0.00105408      2.79235e-05      1.86115e-05      1.03198e-05      1.53799e-05      1.02556e-05      5.69394e-06      8.02669e-06      4.45421e-06      2.44939e-06
1050      0.000491546      0.00121259      3.09355e-05      2.06386e-05      1.13753e-05      0.000935641      2.41524e-05      1.61095e-05      8.90423e-06      1.3306e-05      8.87804e-06      4.91524e-06      6.9503e-06      3.84551e-06      2.10842e-06
1069      0.000433478      0.00107689      2.67377e-05      1.78525e-05      9.8068e-06      0.000830814      2.08964e-05      1.39481e-05      7.68487e-06      1.15165e-05      7.68888e-06      4.2447e-06      6.0205e-06      3.3211e-06      1.81545e-06
1088      0.000382287      0.000956502      2.3109e-05      1.54425e-05      8.45428e-06      0.000737878      1.80801e-05      1.20776e-05      6.63268e-06      9.96951e-06      6.66037e-06      3.66621e-06      5.21586e-06      2.86849e-06      1.56327e-06
1107      0.000337097      0.00084954      1.99682e-05      1.33551e-05      7.28643e-06      0.000655366      1.56408e-05      1.04565e-05      5.72347e-06      8.63005e-06      5.76943e-06      3.16638e-06      4.51849e-06      2.47728e-06      1.34589e-06
1126      0.000298877      0.000758283      1.73801e-05      1.16338e-05      6.32773e-06      0.000585025      1.3629e-05      9.11854e-06      4.97633e-06      7.52572e-06      5.03452e-06      2.75567e-06      3.94299e-06      2.15573e-06      1.16795e-06
1145      0.000266475      0.000680271      1.52385e-05      1.02084e-05      5.53714e-06      0.000524927      1.19625e-05      8.0096e-06      4.35954e-06      6.61108e-06      4.42553e-06      2.41655e-06      3.46596e-06      1.8902e-06      1.02154e-06
1164      0.000236355      0.000607509      1.32671e-05      8.89547e-06      4.80974e-06      0.000468884      1.04278e-05      6.98768e-06      3.79172e-06      5.76853e-06      3.86423e-06      2.10424e-06      3.02612e-06      1.64559e-06      8.868e-07
1183      0.000209237      0.000541644      1.15209e-05      7.73162e-06      4.16656e-06      0.000418169      9.06728e-06      6.08115e-06      3.28922e-06      5.02148e-06      3.36628e-06      1.82775e-06      2.6358e-06      1.42899e-06      7.67753e-07
1202      0.00018496      0.000482322      9.985e-06      6.70713e-06      3.602e-06      0.000372506      7.86954e-06      5.28252e-06      2.84773e-06      4.36366e-06      2.92754e-06      1.58472e-06      2.2918e-06      1.23858e-06      6.63358e-07
1221      0.000163585      0.000429723      8.66007e-06      5.82264e-06      3.11626e-06      0.000332028      6.83524e-06      4.59234e-06      2.46744e-06      3.79539e-06      2.54829e-06      1.37525e-06      1.99439e-06      1.07446e-06      5.73657e-07
1240      0.000147051      0.000388474      7.67359e-06      5.16332e-06      2.75686e-06      0.000300291      6.06357e-06      4.07689e-06      2.18546e-06      3.37105e-06      2.26488e-06      1.21974e-06      1.77219e-06      9.52668e-07      5.0754e-07
1259      0.000130649      0.000347564      6.69424e-06      4.50847e-06      2.3995e-06      0.000268813      5.29739e-06      3.56485e-06      1.90503e-06      2.94957e-06      1.98324e-06      1.06503e-06      1.55131e-06      8.31467e-07      4.41671e-07
1278      0.000115683      0.000310045      5.81399e-06      3.9194e-06      2.07881e-06      0.000239946      4.60807e-06      3.10384e-06      1.65312e-06      2.57015e-06      1.72954e-06      9.25937e-07      1.35231e-06      7.22504e-07      3.82577e-07
1297      0.000102448      0.000276627      5.05089e-06      3.40827e-06      1.8015e-06      0.000214233      4.00973e-06      2.70333e-06      1.435e-06      2.24052e-06      1.50898e-06      8.05374e-07      1.1793e-06      6.2807e-07      3.31522e-07
1316      9.23435e-05      0.000250737      4.4906e-06      3.03248e-06      1.59919e-06      0.000194304      3.5693e-06      2.40817e-06      1.27545e-06      1.99744e-06      1.34617e-06      7.16994e-07      1.05169e-06      5.58908e-07      2.94394e-07
1335      8.20602e-05      0.00022443      3.9183e-06      2.64849e-06      1.39212e-06      0.000174053      3.11946e-06      2.10658e-06      1.11216e-06      1.74911e-06      1.17978e-06      6.2652e-07      9.21215e-07      4.88078e-07      2.56309e-07
1354      7.25994e-05      0.000200101      3.39938e-06      2.30003e-06      1.20465e-06      0.000155324      2.71113e-06      1.8326e-06      9.64151e-07      1.52349e-06      1.02851e-06      5.44426e-07      8.02593e-07      4.23817e-07      2.21829e-07
1373      6.54032e-05      0.000181312      3.02008e-06      2.04495e-06      1.06851e-06      0.000140846      2.4118e-06      1.63149e-06      8.56343e-07      1.35768e-06      9.17205e-07      4.84459e-07      7.15403e-07      3.76933e-07      1.96857e-07
1392      5.83171e-05      0.000162806      2.64682e-06      1.79382e-06      9.34385e-07      0.000126586      2.11718e-06      1.43345e-06      7.50111e-07      1.19441e-06      8.07562e-07      4.25342e-07      6.2949e-07      3.30703e-07      1.72215e-07
1411      5.16415e-05      0.000145302      2.29912e-06      1.55971e-06      8.0956e-07      0.000113095      1.84247e-06      1.24867e-06      6.51144e-07      1.04202e-06      7.0516e-07      3.70206e-07      5.49253e-07      2.87591e-07      1.4927e-07
1430      4.65159e-05      0.00013166      2.04212e-06      1.38642e-06      7.17863e-07      0.000102568      1.63881e-06      1.11147e-06      5.78216e-07      9.28696e-07      6.28916e-07      3.29438e-07      4.89584e-07      2.55758e-07      1.32448e-07
1449      4.15303e-05      0.000118378      1.7928e-06      1.21821e-06      6.28842e-07      9.23176e-05      1.44115e-06      9.78269e-07      5.0739e-07      8.18649e-07      5.54843e-07      2.8982e-07      4.31605e-07      2.2482e-07      1.16095e-07
1468      3.67599e-05      0.000105626      1.55651e-06      1.05869e-06      5.44533e-07      8.24734e-05      1.25367e-06      8.51832e-07      4.40251e-07      7.14154e-07      4.84463e-07      2.52219e-07      3.76521e-07      1.95461e-07      1.00595e-07
1487      3.32349e-05      9.60392e-05      1.38917e-06      9.45525e-07      4.85242e-07      7.50595e-05      1.12041e-06      7.61813e-07      3.92857e-07      6.3957e-07      4.34158e-07      2.25558e-07      3.37215e-07      1.74684e-07      8.97137e-08
1506      2.96159e-05      8.62163e-05      1.21659e-06      8.28793e-07      4.23975e-07      6.74644e-05      9.83016e-07      6.68984e-07      3.43898e-07      5.62676e-07      3.82282e-07      1.98017e-07      2.96662e-07      1.5321e-07      7.8449e-08
1525      2.61593e-05      7.67966e-05      1.05356e-06      7.18431e-07      3.66151e-07      6.01785e-05      8.53089e-07      5.81131e-07      2.97639e-07      4.89859e-07      3.33121e-07      1.71955e-07      2.58241e-07      1.32896e-07      6.78093e-08
1544      2.37931e-05      7.02088e-05      9.47537e-07      6.46521e-07      3.28875e-07      5.50688e-05      7.6819e-07      5.23617e-07      2.67675e-07      4.42001e-07      3.00757e-07      1.54968e-07      2.3301e-07      1.19691e-07      6.09625e-08
1563      2.11132e-05      6.28013e-05      8.25436e-07      5.63718e-07      2.85762e-07      4.9329e-05      6.70564e-07      4.57488e-07      2.33069e-07      3.87047e-07      2.63596e-07      1.35381e-07      2.04005e-07      1.04446e-07      5.30241e-08
1582      1.90301e-05      5.69574e-05      7.33827e-07      5.01501e-07      2.536e-07      4.47915e-05      5.97066e-07      4.07631e-07      2.07164e-07      3.45491e-07      2.35458e-07      1.20648e-07      1.82082e-07      9.30017e-08      4.71046e-08
1601      1.70147e-05      5.12951e-05      6.45516e-07      4.41497e-07      2.22585e-07      4.0394e-05      5.26187e-07      3.59528e-07      1.82172e-07      3.05381e-07      2.08286e-07      1.06422e-07      1.60911e-07      8.1951e-08      4.13893e-08
1620      1.50154e-05      4.56648e-05      5.5851e-07      3.82342e-07      1.92037e-07      3.60204e-05      4.56302e-07      3.1207e-07      1.57535e-07      2.65787e-07      1.81448e-07      9.238e-08      1.40003e-07      7.10451e-08      3.57533e-08
1639      1.36901e-05      4.18441e-05      5.03847e-07      3.45103e-07      1.73022e-07      3.30413e-05      4.12157e-07      2.82032e-07      1.42116e-07      2.40588e-07      1.64336e-07      8.35227e-08      1.26714e-07      6.41889e-08      3.22478e-08
1658      1.21222e-05      3.73665e-05      4.37834e-07      3.00144e-07      1.49945e-07      2.95555e-05      3.58955e-07      2.45841e-07      1.23441e-07      2.10292e-07      1.43768e-07      7.28213e-08      1.10717e-07      5.58921e-08      2.79843e-08
1677      1.09962e-05      3.40877e-05      3.92459e-07      2.6919e-07      1.342e-07      2.69946e-05      3.22217e-07      2.20808e-07      1.1064e-07      1.89235e-07      1.29449e-07      6.54357e-08      9.96088e-08      5.01822e-08      2.50754e-08
1696      9.77842e-06      3.05578e-05      3.42915e-07      2.3539e-07      1.16961e-07      2.42399e-05      2.82142e-07      1.93501e-07      9.66371e-08      1.66286e-07      1.13843e-07      5.73644e-08      8.74932e-08      4.39368e-08      2.18852e-08
1715      8.81469e-06      2.77239e-05      3.0496e-07      2.09461e-07      1.03823e-07      2.20227e-05      2.51334e-07      1.72479e-07      8.59281e-08      1.48552e-07      1.01766e-07      5.11577e-08      7.81369e-08      3.91446e-08      1.94526e-08
1734      7.88233e-06      2.49776e-05      2.68376e-07      1.8446e-07      9.11577e-08      1.98734e-05      2.21625e-07      1.52199e-07      7.55989e-08      1.31433e-07      9.01048e-08      4.51651e-08      6.91028e-08      3.45181e-08      1.71044e-08
1753      7.04479e-06      2.24916e-05      2.36101e-07      1.62383e-07      8.00121e-08      1.79252e-05      1.95362e-07      1.34255e-07      6.64903e-08      1.16251e-07      7.97531e-08      3.98625e-08      6.10921e-08      3.0429e-08      1.50358e-08
1772      6.35053e-06      2.04095e-05      2.09931e-07      1.44466e-07      7.10056e-08      1.62902e-05      1.74014e-07      1.19655e-07      5.91114e-08      1.0386e-07      7.12968e-08      3.55489e-08      5.4558e-08      2.71077e-08      1.33624e-08
1791      5.58687e-06      1.81255e-05      1.81028e-07      1.24672e-07      6.10411e-08      1.44979e-05      1.50445e-07      1.03532e-07      5.09499e-08      9.01845e-08      6.19615e-08      3.07792e-08      4.73407e-08      2.34334e-08      1.15085e-08
1810      5.11459e-06      1.66735e-05      1.64167e-07      1.13103e-07      5.52892e-08      1.33521e-05      1.36604e-07      9.40455e-08      4.62075e-08      8.20681e-08      5.64099e-08      2.79771e-08      4.30676e-08      2.12845e-08      1.0437e-08
1829      4.502e-06      1.48158e-05      1.41679e-07      9.76802e-08      4.75687e-08      1.18904e-05      1.182e-07      8.14369e-08      3.98608e-08      7.13262e-08      4.9066e-08      2.4245e-08      3.74013e-08      1.84154e-08      8.99713e-09
1848      4.11833e-06      1.36205e-05      1.28368e-07      8.85353e-08      4.30454e-08      1.09445e-05      1.07236e-07      7.39115e-08      3.61181e-08      6.48571e-08      4.46348e-08      2.20195e-08      3.39975e-08      1.67123e-08      8.15217e-09
1867      3.62503e-06      1.21037e-05      1.10797e-07      7.64678e-08      3.70382e-08      9.74764e-06      9.28033e-08      6.40094e-08      3.11614e-08      5.63818e-08      3.88319e-08      1.90862e-08      2.95295e-08      1.44621e-08      7.02887e-09
1886      3.31572e-06      1.11265e-05      1.00378e-07      6.93003e-08      3.35121e-08      8.97206e-06      8.4189e-08      5.80891e-08      2.82329e-08      5.12665e-08      3.53231e-08      1.73332e-08      2.68402e-08      1.31236e-08      6.36821e-09
1905      2.91642e-06      9.88166e-06      8.65723e-08      5.98061e-08      2.88118e-08      7.9869e-06      7.28068e-08      5.0269e-08      2.43398e-08      4.45409e-08      3.07117e-08      1.50144e-08      2.32971e-08      1.13488e-08      5.48684e-09
1924      2.6691e-06      9.08887e-06      7.84903e-08      5.42396e-08      2.60887e-08      7.3556e-06      6.60989e-08      4.56528e-08      2.20692e-08      4.05306e-08      2.7957e-08      1.36457e-08      2.11907e-08      1.03061e-08      4.97501e-09
1943      2.34403e-06      8.06136e-06      6.75753e-08      4.67238e-08      2.23879e-08      6.53997e-06      5.70656e-08      3.94383e-08      1.8992e-08      3.51594e-08      2.4269e-08      1.1801e-08      1.83634e-08      8.89733e-09      4.27901e-09
1962      2.1479e-06      7.42303e-06      6.13631e-08      4.24401e-08      2.03045e-08      6.02988e-06      5.18883e-08      3.5871e-08      1.72476e-08      3.2042e-08      2.21248e-08      1.07417e-08      1.67279e-08      8.09242e-09      3.8861e-09
1981      1.88176e-06      6.57014e-06      5.26813e-08      3.6455e-08      1.73731e-08      5.35074e-06      4.46756e-08      3.09028e-08      1.48006e-08      2.77259e-08      1.91574e-08      9.26506e-09      1.44581e-08      6.96729e-09      3.33309e-09
2000      1.72743e-06      6.05984e-06      4.7947e-08      3.31868e-08      1.57931e-08      4.94141e-06      4.07128e-08      2.8169e-08      1.34718e-08      2.5322e-08      1.75017e-08      8.45194e-09      1.31986e-08      6.3511e-09      3.03405e-09
