m_sq,dd,du,ds,dc,db,uu,us,uc,ub,ss,sc,sb,cc,cb,bb,at_factorization_and_renorm_scale:q=m_sq
100      90.7257      140.432      30.0473      21.4561      14.061      129.111      25.7092      18.2298      11.8501      18.9675      13.252      8.46529      9.65967      6.15169      3.87535
138      28.0044      44.9332      8.14574      5.75139      3.7575      40.6162      6.85219      4.80923      3.11926      4.88614      3.38308      2.15771      2.47479      1.57573      0.993231
157      17.2237      28.0809      4.71887      3.31388      2.15858      25.1777      3.94055      2.75219      1.78042      2.76629      1.90731      1.21372      1.39759      0.888314      0.559107
176      11.1642      18.4707      2.89332      2.02194      1.31293      16.4347      2.4005      1.66918      1.07681      1.66113      1.1411      0.724367      0.837635      0.53134      0.333832
195      7.49716      12.5789      1.84122      1.2806      0.828622      11.109      1.51847      1.05135      0.676072      1.03634      0.709398      0.449044      0.52167      0.3301      0.206924
214      5.20874      8.85466      1.21606      0.842125      0.542993      7.76489      0.9975      0.687955      0.440974      0.6721      0.458624      0.289475      0.33788      0.213263      0.133366
233      3.70968      6.38608      0.824774      0.568807      0.36542      5.56197      0.673163      0.462553      0.295494      0.448039      0.304836      0.191825      0.225002      0.141629      0.0883381
252      2.70094      4.70581      0.572967      0.393628      0.251942      4.07171      0.465484      0.318748      0.202928      0.306234      0.207797      0.130356      0.153669      0.0964549      0.0599976
271      1.99965      3.52496      0.405168      0.277322      0.176815      3.03053      0.327728      0.223675      0.141887      0.213198      0.144299      0.0902274      0.106917      0.066907      0.0414957
290      1.51074      2.69253      0.293242      0.200057      0.12709      2.30109      0.23627      0.160786      0.101649      0.152128      0.102741      0.0640463      0.076273      0.0475954      0.029437
309      1.15526      2.08126      0.214985      0.146209      0.0925343      1.76838      0.172579      0.117115      0.0737809      0.110016      0.0741461      0.046075      0.0551531      0.034314      0.0211607
328      0.894799      1.62889      0.159875      0.108415      0.0683598      1.37635      0.127902      0.0865736      0.0543503      0.0807668      0.0543313      0.0336562      0.0404939      0.0251189      0.015445
347      0.700512      1.28821      0.120306      0.0813614      0.0511105      1.08268      0.0959414      0.0647839      0.0405286      0.0600383      0.0403175      0.0248965      0.0301086      0.0186208      0.0114155
366      0.552467      1.02624      0.0912257      0.0615341      0.0385057      0.858007      0.0725305      0.0488622      0.0304567      0.044988      0.0301606      0.0185633      0.0225685      0.0139136      0.00850306
385      0.442208      0.82914      0.0704352      0.0474071      0.0295623      0.689934      0.0558541      0.0375552      0.0233324      0.0343725      0.0230132      0.0141229      0.0172538      0.0106072      0.00646435
404      0.35411      0.670452      0.0543133      0.0364726      0.0226541      0.555167      0.0429551      0.0288234      0.0178409      0.0262186      0.0175289      0.0107213      0.0131683      0.0080693      0.00490174
423      0.287743      0.549681      0.0426547      0.0285912      0.0176974      0.453187      0.0336587      0.0225489      0.0139118      0.0203984      0.0136229      0.00830813      0.0102536      0.00626556      0.00379537
442      0.234955      0.45284      0.0336719      0.0225311      0.0138968      0.371767      0.026514      0.0177352      0.0109054      0.0159574      0.010646      0.00647337      0.0080284      0.00489155      0.00295445
461      0.192841      0.374946      0.0267322      0.0178588      0.0109754      0.306561      0.0210077      0.014032      0.0085991      0.0125594      0.00837107      0.00507475      0.0063248      0.00384218      0.00231377
480      0.159109      0.312045      0.0213497      0.014242      0.00872121      0.254133      0.016747      0.0111715      0.00682292      0.00994854      0.00662521      0.00400428      0.00501512      0.00303752      0.00182375
499      0.131917      0.260929      0.0171456      0.0114223      0.00696938      0.211706      0.0134265      0.00894585      0.0054451      0.00792772      0.00527538      0.00317885      0.00400073      0.00241591      0.00144618
518      0.109809      0.21904      0.0138305      0.00920272      0.00559468      0.177077      0.0108136      0.00719713      0.0043657      0.00634789      0.00422115      0.00253588      0.00320709      0.00193081      0.00115228
537      0.0916778      0.184423      0.0111918      0.00743869      0.0045055      0.14857      0.0087378      0.00580975      0.00351182      0.0051006      0.00338956      0.00203      0.00257995      0.00154844      0.000921216
556      0.0770811      0.156314      0.00913686      0.00606738      0.0036621      0.125521      0.0071245      0.00473324      0.0028517      0.00413782      0.00274838      0.00164124      0.00209556      0.00125406      0.000743899
575      0.0651803      0.133213      0.00751173      0.0049845      0.0029984      0.106652      0.0058509      0.00388451      0.00233296      0.00338236      0.0022457      0.00133734      0.00171514      0.00102353      0.000605447
594      0.054967      0.113268      0.0061485      0.00407678      0.00244317      0.0904049      0.00478387      0.00317387      0.00189941      0.00275217      0.00182649      0.0010843      0.00139736      0.000831268      0.000490153
613      0.0468283      0.0972259      0.0051001      0.00337991      0.0020189      0.0773942      0.0039648      0.00262923      0.00156862      0.00227172      0.00150725      0.000892379      0.00115494      0.000685172      0.000402895
632      0.0397804      0.0832544      0.00421125      0.00278937      0.00166005      0.0660908      0.00327108      0.00216813      0.00128904      0.00186633      0.00123792      0.000730693      0.000950088      0.000561901      0.000329378
651      0.0340636      0.0718215      0.00351365      0.00232652      0.00138001      0.0568772      0.00272746      0.00180724      0.00107113      0.00155055      0.00102831      0.000605317      0.000790379      0.000466146      0.000272483
670      0.029049      0.0617392      0.00291369      0.00192858      0.00113966      0.0487697      0.0022603      0.00149718      0.000884213      0.00128008      0.000848771      0.000498078      0.000653384      0.000384122      0.000223814
689      0.0250419      0.0536047      0.00245101      0.00162209      0.000955491      0.0422549      0.00190056      0.00125871      0.000741143      0.00107306      0.000711479      0.000416422      0.000548439      0.000321558      0.000186853
708      0.0214872      0.0463526      0.00204798      0.00135515      0.000795345      0.0364577      0.00158738      0.00105114      0.00061679      0.000893347      0.000592287      0.000345617      0.0004572      0.000267233      0.0001548
727      0.0185191      0.0402498      0.00172081      0.00113861      0.000665913      0.031594      0.0013334      0.000882894      0.000516356      0.000748242      0.000496087      0.000288647      0.000383446      0.000223456      0.000129053
746      0.0160573      0.0351465      0.00145732      0.000964329      0.000562173      0.0275393      0.00112903      0.00074761      0.000435908      0.000632008      0.000419061      0.000243187      0.000324299      0.000188471      0.000108548
765      0.0139102      0.0306692      0.00123229      0.000815514      0.000473805      0.0239892      0.000954591      0.00063215      0.000367405      0.000533082      0.000353506      0.000204571      0.000273892      0.000158714      9.1143e-05
784      0.0119651      0.0265945      0.00103173      0.000682862      0.000395152      0.0207633      0.00079917      0.000529265      0.000306445      0.000445134      0.000295212      0.00017027      0.000229011      0.00013225      7.56818e-05
803      0.010437      0.0233585      0.000880075      0.000582639      0.000336087      0.0182108      0.000681746      0.000451598      0.000260692      0.000379034      0.000251428      0.000144638      0.000195245      0.000112444      6.41718e-05
822      0.00910976      0.0205302      0.000751165      0.000497449      0.00028602      0.0159842      0.000581965      0.000385603      0.000221915      0.000323011      0.000214318      0.000122962      0.000166591      9.56751e-05      5.44492e-05
841      0.00795673      0.0180576      0.000641583      0.000425031      0.000243581      0.0140413      0.000497169      0.000329519      0.000189049      0.00027552      0.000182858      0.000104628      0.000142269      8.14755e-05      4.62362e-05
860      0.00695492      0.0158954      0.000548433      0.000363468      0.000207609      0.0123453      0.000425103      0.000281853      0.000161194      0.000235256      0.000156183      8.91193e-05      0.000121621      6.94508e-05      3.92986e-05
879      0.00608448      0.0140045      0.000469259      0.000311137      0.000177124      0.0108649      0.000363861      0.000241342      0.000137588      0.000201116      0.000133562      7.60004e-05      0.000104092      5.92683e-05      3.34389e-05
898      0.00532826      0.012351      0.00040198      0.00026666      0.000151294      0.00957238      0.000311823      0.000206917      0.000117585      0.000172169      0.000114381      6.49036e-05      8.92114e-05      5.06467e-05      2.84906e-05
917      0.00467139      0.0109051      0.00034482      0.000228866      0.000129415      0.00844406      0.000267613      0.000177665      0.00010064      0.000147627      9.81155e-05      5.55179e-05      7.65791e-05      4.33474e-05      2.43126e-05
936      0.00410078      0.00964058      0.000296256      0.000196746      0.00011088      0.00745888      0.00023005      0.000152806      8.62823e-05      0.000126812      8.43183e-05      4.75773e-05      6.58527e-05      3.71664e-05      2.07844e-05
955      0.00360475      0.00853396      0.000254957      0.000169423      9.51644e-05      0.00659795      0.000198102      0.000131658      7.41057e-05      0.00010914      7.26014e-05      4.08517e-05      5.67346e-05      3.19268e-05      1.7802e-05
974      0.00317278      0.00756381      0.000219763      0.000146132      8.18106e-05      0.00584423      0.000170873      0.000113628      6.37558e-05      9.41007e-05      6.26274e-05      3.51417e-05      4.89658e-05      2.74748e-05      1.52749e-05
993      0.00279563      0.00671113      0.000189681      0.000126215      7.04278e-05      0.00518263      0.000147593      9.82076e-05      5.49305e-05      8.12594e-05      5.41089e-05      3.02776e-05      4.2325e-05      2.36795e-05      1.31265e-05
1012      0.00246537      0.00595961      0.000163883      0.000109126      6.0692e-05      0.00460019      0.000127621      8.49736e-05      4.73788e-05      7.0256e-05      4.68073e-05      2.61189e-05      3.66281e-05      2.04325e-05      1.12935e-05
1031      0.0021754      0.00529549      0.00014169      9.44186e-05      5.23385e-05      0.00408605      0.000110435      7.358e-05      4.08964e-05      6.07965e-05      4.05279e-05      2.25515e-05      3.17251e-05      1.76453e-05      9.7243e-06
1050      0.00192022      0.00470725      0.00012255      8.1727e-05      4.51522e-05      0.0036311      9.56059e-05      6.37446e-05      3.53167e-05      5.26414e-05      3.51123e-05      1.94826e-05      2.74935e-05      1.52463e-05      8.37721e-06
1069      0.00169519      0.00418521      0.000106008      7.07515e-05      3.89568e-05      0.00322771      8.2783e-05      5.52355e-05      3.05035e-05      4.55946e-05      3.04308e-05      1.68363e-05      2.38331e-05      1.31766e-05      7.21818e-06
1088      0.00149646      0.00372115      9.16864e-05      6.12438e-05      3.36066e-05      0.00286943      7.16757e-05      4.78608e-05      2.63443e-05      3.94942e-05      2.63762e-05      1.45503e-05      2.0661e-05      1.13878e-05      6.21917e-06
1107      0.0013207      0.00330808      7.92722e-05      5.29969e-05      2.89803e-05      0.00255076      6.20414e-05      4.14604e-05      2.27452e-05      3.42053e-05      2.28593e-05      1.25726e-05      1.7908e-05      9.83964e-06      5.35691e-06
1126      0.00117253      0.00295679      6.90776e-05      4.62196e-05      2.51958e-05      0.00227999      5.41226e-05      3.61965e-05      1.97981e-05      2.98604e-05      1.99688e-05      1.09534e-05      1.56443e-05      8.57173e-06      4.65359e-06
1145      0.00104728      0.00265737      6.0667e-05      4.06243e-05      2.20843e-05      0.00204937      4.75835e-05      3.18468e-05      1.73726e-05      2.62732e-05      1.75812e-05      9.62062e-06      1.37738e-05      7.52796e-06      4.07677e-06
1164      0.00092997      0.00237597      5.28687e-05      3.54329e-05      1.92007e-05      0.00183267      4.15173e-05      2.78093e-05      1.51235e-05      2.29447e-05      1.53646e-05      8.38437e-06      1.20365e-05      6.55946e-06      3.54204e-06
1183      0.000823996      0.00212035      4.59395e-05      3.08167e-05      1.66432e-05      0.00163589      3.61231e-05      2.42167e-05      1.3127e-05      1.99847e-05      1.33923e-05      7.28664e-06      1.04902e-05      5.69929e-06      3.06819e-06
1202      0.000728874      0.0018895      3.98313e-05      2.67443e-05      1.43934e-05      0.00145825      3.13639e-05      2.10447e-05      1.13691e-05      1.73726e-05      1.16507e-05      6.31972e-06      9.12442e-06      4.94149e-06      2.65179e-06
1221      0.000645069      0.00168466      3.45605e-05      2.32273e-05      1.24572e-05      0.00130068      2.72529e-05      1.83027e-05      9.85462e-06      1.51157e-05      1.01451e-05      5.48621e-06      7.94333e-06      4.28821e-06      2.29395e-06
1240      0.000581107      0.00152618      3.06879e-05      2.06403e-05      1.10436e-05      0.0011788      2.42264e-05      1.6282e-05      8.74655e-06      1.3453e-05      9.03505e-06      4.87573e-06      7.07281e-06      3.80995e-06      2.03374e-06
1259      0.000516761      0.00136678      2.67903e-05      1.80354e-05      9.61864e-06      0.00105621      2.118e-05      1.42471e-05      7.62938e-06      1.17787e-05      7.91671e-06      4.25999e-06      6.19542e-06      3.3274e-06      1.7709e-06
1278      0.000457819      0.00121998      2.32745e-05      1.56837e-05      8.33532e-06      0.000943331      1.84294e-05      1.24083e-05      6.62225e-06      1.02661e-05      6.90573e-06      3.70447e-06      5.40214e-06      2.89203e-06      1.53428e-06
1297      0.000405656      0.00108914      2.02257e-05      1.36426e-05      7.22534e-06      0.000842714      1.60411e-05      1.08105e-05      5.74999e-06      8.95169e-06      6.02661e-06      3.22286e-06      4.71232e-06      2.51464e-06      1.32981e-06
1316      0.000366399      0.000989227      1.80187e-05      1.21631e-05      6.427e-06      0.000765863      1.4308e-05      9.64956e-06      5.12103e-06      7.99631e-06      5.38702e-06      2.87488e-06      4.21079e-06      2.24221e-06      1.18325e-06
1335      0.000325823      0.000886099      1.57298e-05      1.06281e-05      5.59731e-06      0.000686538      1.25107e-05      8.44513e-06      4.46738e-06      7.00525e-06      4.72326e-06      2.51316e-06      3.69007e-06      1.95889e-06      1.03059e-06
1354      0.000288336      0.000790317      1.36468e-05      9.22996e-06      4.84345e-06      0.000612854      1.08732e-05      7.34695e-06      3.87278e-06      6.10152e-06      4.11756e-06      2.18375e-06      3.21491e-06      1.70092e-06      8.91882e-07
1373      0.000260232      0.000717414      1.21459e-05      8.22111e-06      4.3038e-06      0.000556731      9.69e-06      6.55238e-06      3.44589e-06      5.44698e-06      3.67841e-06      1.94663e-06      2.87071e-06      1.51543e-06      7.92878e-07
1392      0.00023223      0.000644756      1.06517e-05      7.21629e-06      3.76593e-06      0.000500792      8.5118e-06      5.7608e-06      3.02031e-06      4.79492e-06      3.24071e-06      1.71011e-06      2.52757e-06      1.33038e-06      6.94037e-07
1411      0.000205691      0.000575605      9.25213e-06      6.27437e-06      3.26263e-06      0.000447542      7.40716e-06      5.01808e-06      2.62166e-06      4.18294e-06      2.82965e-06      1.48831e-06      2.20532e-06      1.15686e-06      6.01503e-07
1430      0.000185582      0.000522425      8.23115e-06      5.58623e-06      2.89774e-06      0.000406546      6.59892e-06      4.4739e-06      2.33176e-06      3.73387e-06      2.52766e-06      1.3265e-06      1.96885e-06      1.03044e-06      5.34559e-07
1449      0.000165825      0.000470121      7.23077e-06      4.91165e-06      2.53995e-06      0.00036622      5.80672e-06      3.94026e-06      2.0474e-06      3.29344e-06      2.23133e-06      1.16767e-06      1.73678e-06      9.06336e-07      4.68827e-07
1468      0.000146789      0.000419543      6.27669e-06      4.2678e-06      2.19897e-06      0.000327215      5.05049e-06      3.43047e-06      1.77614e-06      2.87253e-06      1.94796e-06      1.01597e-06      1.51487e-06      7.87818e-07      4.06135e-07
1487      0.000132952      0.000382149      5.61191e-06      3.81846e-06      1.96306e-06      0.000298328      4.52168e-06      3.07343e-06      1.58777e-06      2.57704e-06      1.74875e-06      9.1017e-07      1.35912e-06      7.05318e-07      3.62846e-07
1506      0.000118539      0.000343267      4.91644e-06      3.34823e-06      1.71575e-06      0.000268296      3.96858e-06      2.69989e-06      1.39034e-06      2.26797e-06      1.54032e-06      7.99285e-07      1.1961e-06      6.1881e-07      3.17378e-07
1525      0.000104687      0.000305741      4.25582e-06      2.9012e-06      1.48108e-06      0.000239302      3.44264e-06      2.34441e-06      1.2028e-06      1.97364e-06      1.3417e-06      6.93778e-07      1.04077e-06      5.36523e-07      2.742e-07
1544      9.54204e-05      0.0002801      3.83579e-06      2.61645e-06      1.33318e-06      0.000219439      3.10668e-06      2.11692e-06      1.08404e-06      1.78459e-06      1.21391e-06      6.26575e-07      9.4108e-07      4.84248e-07      2.47043e-07
1563      8.46835e-05      0.000250598      3.34117e-06      2.28115e-06      1.15826e-06      0.000196605      2.71162e-06      1.84943e-06      9.43783e-07      1.56256e-06      1.06383e-06      5.47311e-07      8.23869e-07      4.22518e-07      2.1484e-07
1582      7.64322e-05      0.000227589      2.97426e-06      2.03206e-06      1.02925e-06      0.000178762      2.41758e-06      1.65005e-06      8.3998e-07      1.39659e-06      9.51498e-07      4.88379e-07      7.36286e-07      3.76708e-07      1.91102e-07
1601      6.83818e-05      0.000205106      2.6176e-06      1.78982e-06      9.03798e-07      0.000161322      2.13162e-06      1.45606e-06      7.38995e-07      1.23505e-06      8.4211e-07      4.30993e-07      6.51e-07      3.32102e-07      1.6799e-07
1620      6.03269e-05      0.00018255      2.26347e-06      1.54913e-06      7.79277e-07      0.000143822      1.84747e-06      1.26317e-06      6.38675e-07      1.07431e-06      7.33202e-07      3.73905e-07      5.66101e-07      2.87735e-07      1.45022e-07
1639      5.51174e-05      0.000167622      2.04628e-06      1.40123e-06      7.03621e-07      0.000132197      1.67227e-06      1.14401e-06      5.77392e-07      9.74497e-07      6.65446e-07      3.38767e-07      5.13446e-07      2.60517e-07      1.31081e-07
1658      4.8799e-05      0.000149679      1.77754e-06      1.21826e-06      6.09536e-07      0.000118245      1.45591e-06      9.96878e-07      5.01331e-07      8.51496e-07      5.8197e-07      2.95255e-07      4.48475e-07      2.2676e-07      1.13704e-07
1677      4.43397e-05      0.00013677      1.59598e-06      1.09445e-06      5.46446e-07      0.000108177      1.30907e-06      8.9686e-07      4.50092e-07      7.67485e-07      5.24864e-07      2.65746e-07      4.04147e-07      2.0393e-07      1.02054e-07
1696      3.94348e-05      0.000122633      1.39442e-06      9.56978e-07      4.76206e-07      9.71579e-05      1.1462e-06      7.85915e-07      3.93097e-07      6.74383e-07      4.61574e-07      2.32951e-07      3.54978e-07      1.78538e-07      8.90607e-08
1715      3.55897e-05      0.00011139      1.24146e-06      8.52524e-07      4.23189e-07      8.83741e-05      1.02218e-06      7.0132e-07      3.49925e-07      6.03123e-07      4.13068e-07      2.07976e-07      3.1737e-07      1.59241e-07      7.92482e-08
1734      3.1841e-05      0.000100411      1.0929e-06      7.5103e-07      3.71684e-07      7.97931e-05      9.01672e-07      6.19084e-07      3.07964e-07      5.33808e-07      3.65867e-07      1.83675e-07      2.80777e-07      1.40467e-07      6.97036e-08
1753      2.84725e-05      9.04678e-05      9.61855e-07      6.61414e-07      3.26366e-07      7.20109e-05      7.95145e-07      5.46321e-07      2.70966e-07      4.72337e-07      3.23969e-07      1.62175e-07      2.48331e-07      1.23876e-07      6.12964e-08
1772      2.56929e-05      8.21788e-05      8.56043e-07      5.88993e-07      2.89898e-07      6.55109e-05      7.08924e-07      4.87376e-07      2.4112e-07      4.22388e-07      2.89892e-07      1.44761e-07      2.21981e-07      1.10458e-07      5.45245e-08
1791      2.25893e-05      7.29446e-05      7.37542e-07      5.07858e-07      2.4899e-07      5.82737e-05      6.12383e-07      4.21352e-07      2.07646e-07      3.66469e-07      2.51731e-07      1.25231e-07      1.92458e-07      9.54028e-08      4.69167e-08
1810      2.07224e-05      6.72375e-05      6.70259e-07      4.61708e-07      2.26008e-07      5.37765e-05      5.57215e-07      3.83551e-07      1.88717e-07      3.34181e-07      2.29654e-07      1.14068e-07      1.75452e-07      8.68361e-08      4.26387e-08
1829      1.82296e-05      5.97166e-05      5.7796e-07      3.9842e-07      1.94279e-07      4.78665e-05      4.8175e-07      3.31863e-07      1.62658e-07      2.9021e-07      1.996e-07      9.877e-08      1.52248e-07      7.50683e-08      3.67239e-08
1848      1.67088e-05      5.50047e-05      5.2471e-07      3.61845e-07      1.76159e-07      4.41432e-05      4.37935e-07      3.01799e-07      1.47682e-07      2.6441e-07      1.81934e-07      8.98822e-08      1.38668e-07      6.82615e-08      3.33418e-08
1867      1.46985e-05      4.88547e-05      4.52507e-07      3.12267e-07      1.51443e-07      3.92966e-05      3.78685e-07      2.61156e-07      1.27306e-07      2.29676e-07      1.58158e-07      7.78448e-08      1.20349e-07      5.90217e-08      2.87223e-08
1886      1.347e-05      4.49947e-05      4.10751e-07      2.83549e-07      1.37294e-07      3.62374e-05      3.442e-07      2.37462e-07      1.15567e-07      2.09239e-07      1.44144e-07      7.08315e-08      1.09599e-07      5.36625e-08      2.60733e-08
1905      1.18402e-05      3.99387e-05      3.53944e-07      2.4449e-07      1.17929e-07      3.22413e-05      2.97408e-07      2.0532e-07      9.9542e-08      1.81638e-07      1.25223e-07      6.13032e-08      9.50526e-08      4.63648e-08      2.2444e-08
1924      1.08566e-05      3.68029e-05      3.21523e-07      2.22164e-07      1.06991e-07      2.97479e-05      2.70527e-07      1.86826e-07      9.04309e-08      1.65599e-07      1.14209e-07      5.58218e-08      8.66243e-08      4.21862e-08      2.03898e-08
1943      9.52737e-06      3.26215e-05      2.76541e-07      1.91195e-07      9.17214e-08      2.6433e-05      2.33334e-07      1.61243e-07      7.77455e-08      1.43522e-07      9.9054e-08      4.82297e-08      7.49979e-08      3.63845e-08      1.75196e-08
1962      8.74697e-06      3.00951e-05      2.51613e-07      1.74009e-07      8.33507e-08      2.44171e-05      2.1258e-07      1.46946e-07      7.07435e-08      1.3105e-07      9.04779e-08      4.3986e-08      6.84516e-08      3.31577e-08      1.59422e-08
1981      7.65652e-06      2.6617e-05      2.15774e-07      1.49305e-07      7.12355e-08      2.1651e-05      1.82832e-07      1.26458e-07      6.0639e-08      1.13279e-07      7.82619e-08      3.78985e-08      5.91013e-08      2.85164e-08      1.3658e-08
2000      7.0425e-06      2.45974e-05      1.96782e-07      1.36196e-07      6.48894e-08      2.00334e-05      1.66952e-07      1.15505e-07      5.53073e-08      1.03664e-07      7.16416e-08      3.46421e-08      5.40614e-08      2.6047e-08      1.24579e-08
