m_sq,dd,du,ds,dc,db,uu,us,uc,ub,ss,sc,sb,cc,cb,bb,at_factorization_and_renorm_scale:q=m_sq
100      175.499      271.151      58.4057      41.717      27.3463      249.594      49.9853      35.4495      23.0482      36.8974      25.779      16.468      18.7875      11.9649      7.5371
138      54.3103      86.9982      15.854      11.1936      7.31299      78.7253      13.3364      9.35936      6.07008      9.51044      6.58335      4.19793      4.81468      3.06495      1.93143
157      33.4548      54.4593      9.1934      6.45534      4.20444      48.8779      7.67642      5.36048      3.46723      5.38823      3.71399      2.36272      2.72079      1.72888      1.08781
176      21.6967      35.847      5.63501      3.9369      2.5558      31.9232      4.67431      3.24932      2.0956      3.23337      2.22028      1.40887      1.62943      1.03322      0.64888
195      14.5859      24.442      3.58741      2.49424      1.6134      21.6019      2.95778      2.04714      1.31595      2.01755      1.38045      0.873405      1.01492      0.641938      0.402204
214      10.1384      17.2165      2.36849      1.63945      1.05665      15.1065      1.94214      1.33884      0.857799      1.30758      0.891819      0.562586      0.656897      0.414405      0.259005
233      7.22492      12.4262      1.60616      1.10711      0.710872      10.8275      1.31037      0.899934      0.574598      0.871326      0.592517      0.372618      0.437267      0.27508      0.171466
252      5.26309      9.16303      1.11557      0.765942      0.489948      7.93075      0.905881      0.619961      0.394448      0.595306      0.403723      0.253088      0.298518      0.187252      0.116395
271      3.9      6.87072      0.789127      0.539788      0.343932      5.90809      0.637985      0.435165      0.275861      0.414529      0.280408      0.175204      0.207744      0.129914      0.0805135
290      2.94633      5.24898      0.570644      0.389039      0.246957      4.48603      0.459525      0.31251      0.197419      0.295468      0.199427      0.124217      0.148042      0.0923096      0.0570459
309      2.25378      4.05929      0.41822      0.284222      0.179731      3.44872      0.335531      0.227543      0.14323      0.213574      0.143854      0.0893139      0.107002      0.0665176      0.0409847
328      1.74599      3.17815      0.310878      0.210654      0.132706      2.68482      0.248556      0.168122      0.105452      0.156705      0.10535      0.0651999      0.07852      0.0486645      0.0298953
347      1.36719      2.5144      0.233855      0.158031      0.0991779      2.11255      0.186378      0.12576      0.0786002      0.116435      0.0781418      0.0482065      0.0583586      0.0360588      0.0220846
366      1.07898      2.00466      0.177381      0.119557      0.074739      1.67534      0.140942      0.0948823      0.0590836      0.0872706      0.0584731      0.0359535      0.043758      0.0269516      0.0164549
385      0.863085      1.61894      0.136762      0.0919761      0.0572914      1.34641      0.108379      0.072819      0.0451923      0.0665736      0.0445458      0.027308      0.033402      0.0205137      0.0124883
404      0.691758      1.31038      0.105531      0.070813      0.0439347      1.08442      0.0834095      0.0559297      0.0345813      0.0508182      0.0339561      0.0207465      0.0255131      0.0156179      0.00947708
423      0.561723      1.07381      0.082764      0.0554335      0.0342706      0.884692      0.0652668      0.0436929      0.0269251      0.0394783      0.0263501      0.0160517      0.0198372      0.0121083      0.00732623
442      0.458488      0.884432      0.0652721      0.0436425      0.0268833      0.725521      0.0513634      0.0343326      0.0210849      0.0308521      0.0205715      0.0124936      0.0155171      0.00944329      0.0056968
461      0.376207      0.732222      0.0517817      0.0345675      0.0212153      0.598165      0.0406671      0.0271445      0.016613      0.024264      0.0161636      0.00978657      0.0122158      0.00741185      0.00445784
480      0.310325      0.609326      0.0413278      0.027549      0.016846      0.49579      0.0323979      0.0215972      0.0131724      0.0192072      0.0127842      0.00771684      0.00968023      0.00585569      0.00351124
499      0.25723      0.509464      0.0331691      0.0220817      0.0134535      0.412961      0.0259586      0.0172845      0.0105058      0.0152965      0.0101736      0.00612235      0.00771797      0.00465458      0.00278255
518      0.214092      0.427677      0.0267442      0.0177835      0.010795      0.345401      0.0208982      0.0139004      0.00841965      0.0122434      0.0081375      0.00488206      0.00618477      0.00371854      0.00221615
537      0.178761      0.360162      0.0216395      0.0143738      0.0086926      0.289852      0.0168854      0.0112205      0.00677246      0.00983747      0.0065344      0.0039081      0.00497546      0.00298214      0.00177171
556      0.15021      0.305134      0.0176485      0.0117126      0.00705805      0.244769      0.0137543      0.00913268      0.00549385      0.0079728      0.00529327      0.0031565      0.00403752      0.00241281      0.0014292
575      0.126895      0.259832      0.0144882      0.00960841      0.00577015      0.207799      0.0112792      0.00748446      0.00448779      0.00650777      0.00431896      0.00256821      0.00329992      0.00196638      0.00116142
594      0.107039      0.221004      0.0118611      0.00786052      0.00470273      0.176205      0.00922438      0.00611693      0.00365478      0.00529693      0.00351395      0.00208301      0.00268948      0.00159756      0.000940572
613      0.0910765      0.189503      0.00982123      0.0065055      0.00387895      0.150683      0.00763169      0.00505853      0.00301282      0.0043646      0.00289475      0.00171122      0.00221907      0.00131443      0.000771686
632      0.0773696      0.162286      0.00810888      0.00536867      0.00318931      0.12869      0.00629611      0.00417139      0.00247581      0.00358588      0.00237766      0.00140126      0.00182561      0.00107801      0.000630904
651      0.0661751      0.139865      0.00675491      0.00447088      0.00264697      0.110641      0.0052416      0.00347175      0.00205399      0.0029746      0.00197207      0.001159      0.00151645      0.000892903      0.000521074
670      0.0564491      0.120271      0.00560327      0.00370752      0.00218678      0.0949047      0.00434542      0.00287732      0.00169627      0.00245689      0.00162859      0.000954163      0.00125423      0.000736154      0.000428219
689      0.0485904      0.104291      0.00470421      0.00311229      0.00182968      0.0821206      0.00364673      0.00241441      0.00141897      0.00205561      0.00136258      0.000796168      0.0010508      0.000615043      0.000356773
708      0.0416889      0.0901796      0.00393006      0.00259983      0.00152283      0.0708552      0.0030455      0.00201611      0.00118079      0.00171132      0.00113433      0.0006608      0.000875992      0.000511132      0.000295567
727      0.0359126      0.0782762      0.00330013      0.00218311      0.00127423      0.0613806      0.00255672      0.0016925      0.000987956      0.00143264      0.000949644      0.000551606      0.000734326      0.000427184      0.000246275
746      0.0310963      0.0682704      0.00278993      0.00184579      0.0010738      0.0534402      0.00216116      0.00143076      0.000832576      0.00120809      0.000800885      0.000463942      0.000620039      0.000359688      0.000206778
765      0.0269162      0.0595321      0.00235669      0.0015594      0.000904064      0.0465203      0.00182544      0.00120864      0.000701036      0.00101806      0.000675002      0.000389912      0.000523194      0.000302614      0.000173453
784      0.0231753      0.0516726      0.00197575      0.00130755      0.000755069      0.0403065      0.00153035      0.00101338      0.000585588      0.000851403      0.000564577      0.000325059      0.000438133      0.000252554      0.000144263
803      0.0201862      0.045327      0.00168229      0.00111367      0.000641026      0.0353071      0.00130319      0.000863179      0.000497264      0.000723744      0.00048004      0.000275649      0.000372906      0.000214357      0.000122102
822      0.0175967      0.0397939      0.00143362      0.000949378      0.000544664      0.0309562      0.00111076      0.00073594      0.000422643      0.000615878      0.000408605      0.000233993      0.000317719      0.000182116      0.000103442
841      0.0153522      0.0349666      0.00122281      0.000810096      0.000463212      0.0271675      0.00094767      0.000628098      0.000359573      0.000524683      0.000348206      0.000198856      0.000271001      0.000154891      8.77233e-05
860      0.0134059      0.0307529      0.00104404      0.000691968      0.000394338      0.0238664      0.000809387      0.000536653      0.000306243      0.00044754      0.000297108      0.000169202      0.000231431      0.000131889      7.44774e-05
879      0.0117175      0.0270734      0.000892391      0.000591745      0.000336084      0.0209888      0.000692095      0.00045908      0.000261135      0.00038225      0.000253857      0.000144164      0.000197899      0.000112447      6.33114e-05
898      0.0102526      0.0238593      0.00076372      0.000506693      0.000286804      0.0184795      0.000592581      0.000393255      0.000222972      0.000326971      0.000217232      0.000123016      0.000169471      9.60098e-05      5.38961e-05
917      0.00898135      0.021051      0.000654525      0.000434496      0.000245106      0.0162905      0.000508127      0.000337381      0.000190675      0.000280148      0.000186203      0.000105147      0.000145363      8.21075e-05      4.59548e-05
936      0.00787768      0.0185963      0.000561819      0.000373183      0.000209809      0.01438      0.00043642      0.000289928      0.000163331      0.000240462      0.000159899      9.00378e-05      0.000124904      7.03426e-05      3.92533e-05
955      0.00691868      0.0164488      0.00048303      0.000321056      0.000179898      0.012711      0.000375466      0.00024958      0.000140152      0.000206781      0.000137569      7.72463e-05      0.00010752      6.0374e-05      3.3591e-05
974      0.00608398      0.0145669      0.000415932      0.000276647      0.000154499      0.0112503      0.000323546      0.0002152      0.000120462      0.000178133      0.000118571      6.63917e-05      9.27165e-05      5.19084e-05      2.87959e-05
993      0.00535575      0.0129139      0.000358633      0.000238705      0.000132868      0.00996896      0.000279194      0.00018582      0.000103687      0.000153691      0.000102357      5.71524e-05      8.00717e-05      4.46975e-05      2.47229e-05
1012      0.00471878      0.0114585      0.000309554      0.000206191      0.00011439      0.00884195      0.000241191      0.000160635      8.93501e-05      0.00013277      8.84735e-05      4.92618e-05      6.92363e-05      3.85353e-05      2.12518e-05
1031      0.00416028      0.0101739      0.0002674      0.000178249      9.85602e-05      0.00784827      0.000208537      0.000138984      7.70615e-05      0.000114809      7.655e-05      4.25024e-05      5.99236e-05      3.32533e-05      1.82846e-05
1050      0.00366954      0.0090377      0.000231105      0.000154177      8.49653e-05      0.00697022      0.000180408      0.000120324      6.65018e-05      9.93487e-05      6.62825e-05      3.66966e-05      5.18988e-05      2.87141e-05      1.57416e-05
1069      0.00323754      0.00803097      0.000199793      0.000133397      7.3266e-05      0.00619286      0.000156127      0.000104209      5.74086e-05      8.60118e-05      5.74211e-05      3.16988e-05      4.49688e-05      2.48047e-05      1.35573e-05
1088      0.00285666      0.00713752      0.000172734      0.000115428      6.31808e-05      0.00550352      0.000135131      9.02654e-05      4.95645e-05      7.44849e-05      4.97588e-05      2.73883e-05      3.8973e-05      2.14316e-05      1.16778e-05
1107      0.0025204      0.00634354      0.000149319      9.98679e-05      5.44752e-05      0.00489134      0.00011695      7.81841e-05      4.27882e-05      6.4507e-05      4.31229e-05      2.3665e-05      3.37777e-05      1.85168e-05      1.00582e-05
1126      0.00223469      0.00566311      0.000129927      8.69717e-05      4.72918e-05      0.00436714      0.000101879      6.81629e-05      3.7191e-05      5.62389e-05      3.76213e-05      2.05897e-05      2.94686e-05      1.61086e-05      8.72539e-06
1145      0.00199149      0.00507913      0.000113812      7.62468e-05      4.13424e-05      0.00391752      8.93431e-05      5.98214e-05      3.25505e-05      4.93619e-05      3.3043e-05      1.80394e-05      2.58815e-05      1.41114e-05      7.62403e-06
1164      0.00176665      0.00453711      9.90809e-05      6.6436e-05      3.59077e-05      0.00350028      7.78765e-05      5.21867e-05      2.83087e-05      4.30701e-05      2.88518e-05      1.57074e-05      2.25966e-05      1.22845e-05      6.61782e-06
1183      0.00156458      0.00404716      8.6062e-05      5.77592e-05      3.11136e-05      0.00312325      6.77346e-05      4.54295e-05      2.45636e-05      3.75039e-05      2.51419e-05      1.36476e-05      1.9688e-05      1.06707e-05      5.73096e-06
1202      0.00138383      0.0036062      7.46257e-05      5.01311e-05      2.69112e-05      0.002784      5.88173e-05      3.94838e-05      2.12774e-05      3.26086e-05      2.18772e-05      1.18393e-05      1.71278e-05      9.25368e-06      4.95429e-06
1221      0.00122453      0.0032148      6.47512e-05      4.35391e-05      2.32921e-05      0.00248297      5.11096e-05      3.43407e-05      1.84442e-05      2.83755e-05      1.90523e-05      1.02792e-05      1.49121e-05      8.03118e-06      4.28629e-06
1240      0.00109955      0.0029037      5.72794e-05      3.85454e-05      2.05697e-05      0.00224375      4.5266e-05      3.04374e-05      1.63085e-05      2.51636e-05      1.69072e-05      9.10188e-06      1.32299e-05      7.109e-06      3.78558e-06
1259      0.000977093      0.00259867      4.99722e-05      3.36592e-05      1.79043e-05      0.00200918      3.95495e-05      2.66171e-05      1.42169e-05      2.20201e-05      1.48067e-05      7.94826e-06      1.15823e-05      6.20515e-06      3.29453e-06
1278      0.00086566      0.00231958      4.34247e-05      2.92774e-05      1.55199e-05      0.00179456      3.44223e-05      2.31879e-05      1.23439e-05      1.91987e-05      1.29202e-05      6.9143e-06      1.01024e-05      5.39508e-06      2.85538e-06
1297      0.000767016      0.00207074      3.77432e-05      2.54716e-05      1.34561e-05      0.00160319      2.99675e-05      2.02059e-05      1.07205e-05      1.67451e-05      1.12785e-05      6.01716e-06      8.81453e-06      4.69233e-06      2.4756e-06
1316      0.000690504      0.00187506      3.34971e-05      2.26236e-05      1.19229e-05      0.00145265      2.663e-05      1.79692e-05      9.51142e-06      1.49038e-05      1.00453e-05      5.34762e-06      7.84769e-06      4.1683e-06      2.19429e-06
1335      0.000613805      0.00167897      2.92357e-05      1.97641e-05      1.03818e-05      0.00130178      2.32802e-05      1.57232e-05      8.29596e-06      1.30549e-05      8.80648e-06      4.67427e-06      6.87617e-06      3.64113e-06      1.91097e-06
1354      0.000543449      0.00149812      2.53848e-05      1.71779e-05      8.99128e-06      0.00116262      2.02497e-05      1.36897e-05      7.198e-06      1.13806e-05      7.68381e-06      4.06531e-06      5.99579e-06      3.16445e-06      1.65535e-06
1373      0.000489015      0.00135618      2.25158e-05      1.52484e-05      7.96166e-06      0.00105331      1.79857e-05      1.21684e-05      6.38266e-06      1.01268e-05      6.84216e-06      3.61186e-06      5.33638e-06      2.80989e-06      1.46653e-06
1392      0.000436059      0.00121793      1.97324e-05      1.33754e-05      6.96197e-06      0.000946822      1.57883e-05      1.06913e-05      5.59072e-06      8.90918e-06      6.02443e-06      3.17115e-06      4.69559e-06      2.46525e-06      1.28293e-06
1411      0.000386434      0.00108781      1.71547e-05      1.16396e-05      6.03714e-06      0.000846573      1.37514e-05      9.32092e-06      4.85731e-06      7.77923e-06      5.26506e-06      2.76251e-06      4.10059e-06      2.14575e-06      1.113e-06
1430      0.000347703      0.000984815      1.52146e-05      1.03312e-05      5.34508e-06      0.000767133      1.22138e-05      8.28505e-06      4.30683e-06      6.92375e-06      4.68946e-06      2.4548e-06      3.65008e-06      1.90547e-06      9.86064e-07
1449      0.000310437      0.000885533      1.3356e-05      9.07706e-06      4.68183e-06      0.000690538      1.074e-05      7.29169e-06      3.77902e-06      6.10316e-06      4.13707e-06      2.15951e-06      3.21771e-06      1.67489e-06      8.6426e-07
1468      0.000275014      0.000790804      1.16072e-05      7.89623e-06      4.05828e-06      0.000617432      9.3521e-06      6.35553e-06      3.2823e-06      5.32946e-06      3.61589e-06      1.88126e-06      2.80983e-06      1.45766e-06      7.49658e-07
1487      0.000248297      0.000718192      1.03403e-05      7.03939e-06      3.60952e-06      0.000561301      8.3431e-06      5.67388e-06      2.92354e-06      4.76477e-06      3.23499e-06      1.67943e-06      2.5122e-06      1.30037e-06      6.67313e-07
1506      0.000221318      0.000644931      9.05823e-06      6.172e-06      3.15465e-06      0.000504669      7.32207e-06      4.98389e-06      2.55992e-06      4.1932e-06      2.84933e-06      1.47482e-06      2.21075e-06      1.14086e-06      5.83701e-07
1525      0.000195699      0.000575065      7.85449e-06      5.35697e-06      2.72801e-06      0.000450638      6.36241e-06      4.33488e-06      2.21849e-06      3.6552e-06      2.48606e-06      1.28239e-06      1.92687e-06      9.90883e-07      5.05217e-07
1544      0.00017766      0.000524877      7.04694e-06      4.80918e-06      2.44415e-06      0.000411726      5.7157e-06      3.89671e-06      1.99026e-06      3.29064e-06      2.2395e-06      1.153e-06      1.73464e-06      8.90304e-07      4.53078e-07
1563      0.000157763      0.000469829      6.14412e-06      4.1968e-06      2.12561e-06      0.000369077      4.99355e-06      3.40745e-06      1.73447e-06      2.88398e-06      1.96446e-06      1.00815e-06      1.52001e-06      7.77586e-07      3.94435e-07
1582      0.000142053      0.000425749      5.45501e-06      3.72871e-06      1.88379e-06      0.000334858      4.44053e-06      3.03225e-06      1.53963e-06      2.57123e-06      1.75266e-06      8.97304e-07      1.35499e-06      6.91492e-07      3.49931e-07
1601      0.00012701      0.000383445      4.79849e-06      3.28253e-06      1.65339e-06      0.000302007      3.91337e-06      2.67441e-06      1.35388e-06      2.27277e-06      1.55044e-06      7.91517e-07      1.19747e-06      6.09334e-07      3.07476e-07
1620      0.000112224      0.000341753      4.15791e-06      2.8469e-06      1.42865e-06      0.000269621      3.39861e-06      2.32477e-06      1.17256e-06      1.98097e-06      1.35262e-06      6.88103e-07      1.04338e-06      5.29036e-07      2.66019e-07
1639      0.000102108      0.000312599      3.74136e-06      2.56309e-06      1.28379e-06      0.000246894      3.06214e-06      2.09579e-06      1.05506e-06      1.78887e-06      1.22215e-06      6.20591e-07      9.42068e-07      4.76781e-07      2.39311e-07
1658      9.05025e-05      0.000279406      3.25504e-06      2.23179e-06      1.11392e-06      0.000221052      2.66999e-06      1.82897e-06      9.17519e-07      1.56542e-06      1.07041e-06      5.4172e-07      8.24079e-07      4.1565e-07      2.07928e-07
1677      8.19654e-05      0.000254539      2.91195e-06      1.99769e-06      9.94928e-07      0.000201632      2.39212e-06      1.63959e-06      8.20739e-07      1.40609e-06      9.62043e-07      4.85855e-07      7.40028e-07      3.72467e-07      1.85942e-07
1696      7.29322e-05      0.000228312      2.54623e-06      1.74813e-06      8.6778e-07      0.000181162      2.09614e-06      1.43785e-06      7.17402e-07      1.23647e-06      8.46673e-07      4.26244e-07      6.50487e-07      3.26357e-07      1.62412e-07
1715      6.56807e-05      0.000206969      2.26167e-06      1.55371e-06      7.69347e-07      0.000164463      1.86507e-06      1.28015e-06      6.37127e-07      1.10338e-06      7.56026e-07      3.7969e-07      5.80272e-07      2.9042e-07      1.44183e-07
1734      5.87373e-05      0.000186484      1.99056e-06      1.36838e-06      6.75567e-07      0.00014843      1.64478e-06      1.12974e-06      5.606e-07      9.76346e-07      6.69469e-07      3.35253e-07      5.13237e-07      2.56125e-07      1.26795e-07
1753      5.24918e-05      0.000167918      1.75097e-06      1.20446e-06      5.92891e-07      0.000133877      1.44971e-06      9.96429e-07      4.92997e-07      8.63494e-07      5.92507e-07      2.95866e-07      4.53698e-07      2.25761e-07      1.11448e-07
1772      4.72836e-05      0.000152276      1.55552e-06      1.07062e-06      5.2568e-07      0.000121592      1.29019e-06      8.87314e-07      4.379e-07      7.70834e-07      5.29256e-07      2.6363e-07      4.04839e-07      2.00949e-07      9.89582e-08
1791      4.1663e-05      0.00013543      1.34392e-06      9.25677e-07      4.52797e-07      0.000108369      1.11753e-06      7.69173e-07      3.78166e-07      6.70559e-07      4.60789e-07      2.28686e-07      3.51926e-07      1.7404e-07      8.53958e-08
1810      3.80517e-05      0.000124323      1.21532e-06      8.37426e-07      4.08942e-07      9.96039e-05      1.01193e-06      6.9678e-07      3.41994e-07      6.08601e-07      4.18402e-07      2.07301e-07      3.19306e-07      1.57644e-07      7.72247e-08
1829      3.35457e-05      0.000110627      1.05081e-06      7.24574e-07      3.52516e-07      8.88237e-05      8.77202e-07      6.04461e-07      2.95578e-07      5.29886e-07      3.64575e-07      1.79977e-07      2.77792e-07      1.36647e-07      6.66988e-08
1848      3.0617e-05      0.000101496      9.49489e-07      6.54957e-07      3.18102e-07      8.15979e-05      7.93714e-07      5.47148e-07      2.67091e-07      4.80598e-07      3.30808e-07      1.63027e-07      2.51859e-07      1.23678e-07      6.02683e-08
1867      2.69913e-05      9.0321e-05      8.2107e-07      5.66741e-07      2.74241e-07      7.27759e-05      6.88159e-07      4.74712e-07      2.30875e-07      4.18544e-07      2.88311e-07      1.4157e-07      2.19152e-07      1.07226e-07      5.20644e-08
1886      2.46324e-05      8.28618e-05      7.41856e-07      5.12241e-07      2.47446e-07      6.68549e-05      6.22639e-07      4.29674e-07      2.08611e-07      3.79612e-07      2.61601e-07      1.28233e-07      1.98685e-07      9.70447e-08      4.70424e-08
1905      2.17009e-05      7.36992e-05      6.41078e-07      4.42922e-07      2.13169e-07      5.96e-05      5.39493e-07      3.72537e-07      1.802e-07      3.30424e-07      2.27867e-07      1.11291e-07      1.72779e-07      8.40832e-08      4.0613e-08
1924      1.98148e-05      6.76469e-05      5.79646e-07      4.00604e-07      1.92482e-07      5.47798e-05      4.88481e-07      3.37426e-07      1.62941e-07      2.99905e-07      2.069e-07      1.00879e-07      1.5675e-07      7.61539e-08      3.67231e-08
1943      1.74318e-05      6.00942e-05      5.0009e-07      3.45814e-07      1.65535e-07      4.87811e-05      4.22593e-07      2.9209e-07      1.40519e-07      2.60679e-07      1.79961e-07      8.74206e-08      1.36108e-07      6.58808e-08      3.16536e-08
1962      1.59349e-05      5.52166e-05      4.52836e-07      3.13224e-07      1.49696e-07      4.48826e-05      3.8319e-07      2.64936e-07      1.27249e-07      2.36936e-07      1.63627e-07      7.93559e-08      1.23652e-07      5.97546e-08      2.86651e-08
1981      1.39873e-05      4.89579e-05      3.89671e-07      2.69672e-07      1.2839e-07      3.98958e-05      3.30675e-07      2.28756e-07      1.09452e-07      2.0547e-07      1.41989e-07      6.86016e-08      1.0711e-07      5.15645e-08      2.46442e-08
2000      1.28075e-05      4.50523e-05      3.536e-07      2.44768e-07      1.16358e-07      3.67623e-05      3.00468e-07      2.07914e-07      9.93275e-08      1.87131e-07      1.29356e-07      6.24011e-08      9.75023e-08      4.68671e-08      2.23659e-08
