500  60656.1  
515.152  50055.3  
530.303  42658.4  
545.455  35946.7  
560.606  30409.3  
575.758  25834.5  
590.909  21996.8  
606.061  18774.2  
621.212  16067.5  
636.364  13773.3  
651.515  11889.8  
666.667  10235.3  
681.818  8866.67  
696.97  7663.25  
712.121  6660.71  
727.273  5789.96  
742.424  5049.81  
757.576  4407.87  
772.727  3856.52  
787.879  3382.21  
803.03  2966.13  
818.182  2607.67  
833.333  2297.87  
848.485  2023.85  
863.636  1786.29  
878.788  1581.86  
893.939  1399.51  
909.091  1240.07  
924.242  1098.27  
939.394  977.318  
954.545  868.743  
969.697  774.519  
984.848  689.121  
1000  615.669  
1015.15  549.517  
1030.3  490.653  
1045.45  439.609  
1060.61  393.562  
1075.76  352.513  
1090.91  316.005  
1106.06  283.928  
1121.21  255.036  
1136.36  229.239  
1151.52  206.344  
1166.67  185.692  
1181.82  167.398  
1196.97  151.086  
1212.12  136.423  
1227.27  122.885  
1242.42  111.17  
1257.58  100.423  
1272.73  90.8263  
1287.88  82.1964  
1303.03  74.4919  
1318.18  67.3105  
1333.33  61.0902  
1348.48  55.4323  
1363.64  50.3188  
1378.79  45.62  
1393.94  41.4183  
1409.09  37.6896  
1424.24  34.2519  
1439.39  31.1218  
1454.55  28.3007  
1469.7  25.7754  
1484.85  23.4551  
1500  21.3492  
1515.15  19.4669  
1530.3  17.7492  
1545.45  16.1697  
1560.61  14.7505  
1575.76  13.4659  
1590.91  12.2876  
1606.06  11.2148  
1621.21  10.2596  
1636.36  9.34953  
1651.52  8.54828  
1666.67  7.81269  
1681.82  7.14081  
1696.97  6.53708  
1712.12  5.97624  
1727.27  5.4605  
1742.42  5.00017  
1757.58  4.60303  
1772.73  4.19396  
1787.88  3.84201  
1803.03  3.51994  
1818.18  3.22482  
1833.33  2.9553  
1848.48  2.7133  
1863.64  2.47932  
1878.79  2.27757  
1893.94  2.08867  
1909.09  1.91433  
1924.24  1.75922  
1939.39  1.61311  
1954.55  1.47772  
1969.7  1.35855  
1984.85  1.24752  
2000  1.14651  
