500  2728.63  
515.152  2340.77  
530.303  2017.16  
545.455  1740.76  
560.606  1507.98  
575.758  1313.62  
590.909  1143.39  
606.061  997.945  
621.212  873.644  
636.364  765.548  
651.515  671.619  
666.667  590.949  
681.818  520.552  
696.97  459.937  
712.121  407.148  
727.273  359.788  
742.424  318.84  
757.576  283.173  
772.727  251.593  
787.879  224.033  
803.03  199.675  
818.182  178.26  
833.333  159.135  
848.485  142.244  
863.636  127.383  
878.788  114.154  
893.939  102.462  
909.091  91.885  
924.242  82.5219  
939.394  74.1775  
954.545  66.7693  
969.697  60.1514  
984.848  54.2636  
1000  49.0393  
1015.15  44.2472  
1030.3  39.8692  
1045.45  36.025  
1060.61  32.5789  
1075.76  29.4734  
1090.91  26.6568  
1106.06  24.1768  
1121.21  21.9231  
1136.36  19.8698  
1151.52  18.0412  
1166.67  16.374  
1181.82  14.8647  
1196.97  13.5019  
1212.12  12.2789  
1227.27  11.1728  
1242.42  10.1699  
1257.58  9.26104  
1272.73  8.42889  
1287.88  7.67129  
1303.03  6.9879  
1318.18  6.36737  
1333.33  5.80601  
1348.48  5.29624  
1363.64  4.83193  
1378.79  4.41205  
1393.94  4.02804  
1409.09  3.6783  
1424.24  3.3635  
1439.39  3.07491  
1454.55  2.80524  
1469.7  2.56615  
1484.85  2.34535  
1500  2.14361  
1515.15  1.96064  
1530.3  1.79357  
1545.45  1.64007  
1560.61  1.50164  
1575.76  1.37479  
1590.91  1.25971  
1606.06  1.15258  
1621.21  1.05629  
1636.36  0.968174  
1651.52  0.886258  
1666.67  0.811782  
1681.82  0.743562  
1696.97  0.681428  
1712.12  0.625309  
1727.27  0.573203  
1742.42  0.525681  
1757.58  0.482123  
1772.73  0.441875  
1787.88  0.405589  
1803.03  0.371931  
1818.18  0.341184  
1833.33  0.312948  
1848.48  0.287222  
1863.64  0.263449  
1878.79  0.241746  
1893.94  0.221729  
1909.09  0.203336  
1924.24  0.186676  
1939.39  0.171396  
1954.55  0.15737  
1969.7  0.144396  
1984.85  0.132571  
2000  0.121661  
