500  4934.45  
515.152  4297.4  
530.303  3765.61  
545.455  3299.34  
560.606  2904.62  
575.758  2560.77  
590.909  2262.46  
606.061  2003.83  
621.212  1779.7  
636.364  1578.79  
651.515  1409.39  
666.667  1255.37  
681.818  1123.58  
696.97  1004.22  
712.121  900.949  
727.273  808.074  
742.424  726.959  
757.576  654.186  
772.727  589.425  
787.879  532.205  
803.03  480.765  
818.182  434.696  
833.333  393.679  
848.485  356.847  
863.636  323.543  
878.788  294.284  
893.939  267.293  
909.091  242.934  
924.242  221.045  
939.394  201.502  
954.545  183.773  
969.697  167.807  
984.848  153.035  
1000  140.088  
1015.15  128.036  
1030.3  116.99  
1045.45  107.254  
1060.61  98.2626  
1075.76  90.0274  
1090.91  82.5084  
1106.06  75.7658  
1121.21  69.5877  
1136.36  63.9374  
1151.52  58.7573  
1166.67  54.0567  
1181.82  49.6643  
1196.97  45.8085  
1212.12  42.1455  
1227.27  38.7971  
1242.42  35.8099  
1257.58  32.9923  
1272.73  30.4311  
1287.88  28.0897  
1303.03  25.947  
1318.18  23.9061  
1333.33  22.0986  
1348.48  20.4189  
1363.64  18.8795  
1378.79  17.4415  
1393.94  16.129  
1409.09  14.9336  
1424.24  13.8143  
1439.39  12.7786  
1454.55  11.8304  
1469.7  10.9651  
1484.85  10.1533  
1500  9.40133  
1515.15  8.72133  
1530.3  8.0851  
1545.45  7.48077  
1560.61  6.94913  
1575.76  6.44432  
1590.91  5.97874  
1606.06  5.54623  
1621.21  5.15006  
1636.36  4.7744  
1651.52  4.43346  
1666.67  4.11555  
1681.82  3.82108  
1696.97  3.55259  
1712.12  3.29907  
1727.27  3.05951  
1742.42  2.84433  
1757.58  2.6476  
1772.73  2.45835  
1787.88  2.28661  
1803.03  2.12587  
1818.18  1.97571  
1833.33  1.83821  
1848.48  1.71169  
1863.64  1.58612  
1878.79  1.47846  
1893.94  1.37477  
1909.09  1.27904  
1924.24  1.19101  
1939.39  1.10695  
1954.55  1.02915  
1969.7  0.959142  
1984.85  0.892913  
2000  0.830654  
