500  3586.5  
515.152  3139.79  
530.303  2759.17  
545.455  2428.92  
560.606  2142.91  
575.758  1903.3  
590.909  1689.17  
606.061  1502.44  
621.212  1340.18  
636.364  1197.73  
651.515  1070.72  
666.667  960.388  
681.818  861.873  
696.97  776.273  
712.121  699.149  
727.273  629.997  
742.424  568.751  
757.576  514.582  
772.727  465.158  
787.879  420.657  
803.03  383.527  
818.182  348.659  
833.333  317.018  
848.485  288.603  
863.636  263.028  
878.788  239.916  
893.939  219.152  
909.091  200.293  
924.242  183.082  
939.394  167.522  
954.545  153.545  
969.697  140.785  
984.848  129.34  
1000  118.713  
1015.15  108.968  
1030.3  99.9867  
1045.45  91.9825  
1060.61  84.6115  
1075.76  77.8852  
1090.91  71.7179  
1106.06  66.1231  
1121.21  60.9805  
1136.36  56.2574  
1151.52  51.9386  
1166.67  47.9344  
1181.82  44.2636  
1196.97  40.9114  
1212.12  37.8138  
1227.27  34.9945  
1242.42  32.324  
1257.58  29.9831  
1272.73  27.7846  
1287.88  25.69  
1303.03  23.7924  
1318.18  22.0413  
1333.33  20.4325  
1348.48  18.9481  
1363.64  17.5823  
1378.79  16.3227  
1393.94  15.1731  
1409.09  14.075  
1424.24  13.0688  
1439.39  12.1389  
1454.55  11.2658  
1469.7  10.4663  
1484.85  9.72276  
1500  9.03457  
1515.15  8.39896  
1530.3  7.80823  
1545.45  7.20375  
1560.61  6.62848  
1575.76  6.28793  
1590.91  5.85236  
1606.06  5.44531  
1621.21  5.07061  
1636.36  4.72247  
1651.52  4.39499  
1666.67  4.09195  
1681.82  3.80868  
1696.97  3.54867  
1712.12  3.30682  
1727.27  3.08093  
1742.42  2.87151  
1757.58  2.67622  
1772.73  2.49375  
1787.88  2.32437  
1803.03  2.16627  
1818.18  2.01875  
1833.33  1.88412  
1848.48  1.75668  
1863.64  1.63685  
1878.79  1.52575  
1893.94  1.42244  
1909.09  1.32646  
1924.24  1.23701  
1939.39  1.1547  
1954.55  1.07737  
1969.7  1.00498  
1984.85  0.937604  
2000  0.874443  
