500  699.228  
515.152  604.508  
530.303  525.036  
545.455  457.892  
560.606  400.454  
575.758  349.99  
590.909  306.68  
606.061  269.889  
621.212  236.606  
636.364  209.925  
651.515  185.706  
666.667  164.458  
681.818  145.97  
696.97  129.78  
712.121  115.649  
727.273  102.958  
742.424  91.8966  
757.576  82.1308  
772.727  73.5249  
787.879  66.062  
803.03  59.2976  
818.182  53.1325  
833.333  47.7309  
848.485  43.0262  
863.636  38.7217  
878.788  34.6527  
893.939  31.5445  
909.091  28.5139  
924.242  25.792  
939.394  23.3195  
954.545  21.1485  
969.697  19.1636  
984.848  17.3734  
1000  15.8063  
1015.15  14.3592  
1030.3  13.0372  
1045.45  11.8571  
1060.61  10.8121  
1075.76  9.82397  
1090.91  8.95509  
1106.06  8.17958  
1121.21  7.48365  
1136.36  6.82952  
1151.52  6.22212  
1166.67  5.67923  
1181.82  5.19032  
1196.97  4.75217  
1212.12  4.34326  
1227.27  3.97046  
1242.42  3.58206  
1257.58  3.33834  
1272.73  3.05798  
1287.88  2.80536  
1303.03  2.57454  
1318.18  2.36134  
1333.33  2.16603  
1348.48  1.98997  
1363.64  1.82757  
1378.79  1.68026  
1393.94  1.54422  
1409.09  1.42227  
1424.24  1.30697  
1439.39  1.20241  
1454.55  1.10556  
1469.7  1.01763  
1484.85  0.936867  
1500  0.862657  
1515.15  0.794568  
1530.3  0.732081  
1545.45  0.674915  
1560.61  0.622242  
1575.76  0.573616  
1590.91  0.529083  
1606.06  0.488166  
1621.21  0.45117  
1636.36  0.415549  
1651.52  0.38404  
1666.67  0.354145  
1681.82  0.326714  
1696.97  0.301515  
1712.12  0.278619  
1727.27  0.257034  
1742.42  0.237479  
1757.58  0.219651  
1772.73  0.202966  
1787.88  0.1877  
1803.03  0.173387  
1818.18  0.160225  
1833.33  0.148309  
1848.48  0.137005  
1863.64  0.126609  
1878.79  0.117088  
1893.94  0.108119  
1909.09  0.100206  
1924.24  0.092759  
1939.39  0.0858086  
1954.55  0.0794404  
1969.7  0.0734288  
1984.85  0.0679303  
2000  0.0629509  
