500  60425.2  
515.152  51709.4  
530.303  44344.1  
545.455  38162.5  
560.606  32973.2  
575.758  28535.3  
590.909  24795.2  
606.061  21583.3  
621.212  18811.7  
636.364  16439.7  
651.515  14442.4  
666.667  12683.8  
681.818  11164.5  
696.97  9846.69  
712.121  8703.05  
727.273  7700.95  
742.424  6825.69  
757.576  6056.21  
772.727  5388.43  
787.879  4801.38  
803.03  4285.07  
818.182  3826.87  
833.333  3425.52  
848.485  3068.08  
863.636  2753.53  
878.788  2468.11  
893.939  2218.27  
909.091  1996.36  
924.242  1800.05  
939.394  1622  
954.545  1465.12  
969.697  1322.82  
984.848  1197.2  
1000  1082.51  
1015.15  981.3  
1030.3  890.818  
1045.45  807.154  
1060.61  733.1  
1075.76  666.187  
1090.91  605.993  
1106.06  551.42  
1121.21  502.116  
1136.36  457.908  
1151.52  417.51  
1166.67  380.727  
1181.82  348.191  
1196.97  317.782  
1212.12  289.927  
1227.27  265.731  
1242.42  242.852  
1257.58  222.478  
1272.73  203.75  
1287.88  186.689  
1303.03  171.202  
1318.18  156.999  
1333.33  144.152  
1348.48  132.331  
1363.64  121.501  
1378.79  111.599  
1393.94  102.704  
1409.09  94.3869  
1424.24  86.7993  
1439.39  79.905  
1454.55  73.6006  
1469.7  67.7308  
1484.85  62.3734  
1500  57.4274  
1515.15  52.926  
1530.3  48.8899  
1545.45  44.9909  
1560.61  41.5757  
1575.76  38.357  
1590.91  35.3999  
1606.06  32.6798  
1621.21  30.184  
1636.36  27.8314  
1651.52  25.7416  
1666.67  23.8219  
1681.82  21.9777  
1696.97  20.3488  
1712.12  18.7921  
1727.27  17.411  
1742.42  16.1257  
1757.58  14.9045  
1772.73  13.7894  
1787.88  12.7602  
1803.03  11.8132  
1818.18  10.9334  
1833.33  10.1285  
1848.48  9.37692  
1863.64  8.6888  
1878.79  8.04983  
1893.94  7.46131  
1909.09  6.91304  
1924.24  6.4134  
1939.39  5.93972  
1954.55  5.50414  
1969.7  5.10408  
1984.85  4.73219  
2000  4.38764  
