500  9408.95  
515.152  8272.77  
530.303  7304.36  
545.455  6450.28  
560.606  5721.2  
575.758  5087.71  
590.909  4534.47  
606.061  4044.12  
621.212  3627.36  
636.364  3251.2  
651.515  2909.04  
666.667  2629.78  
681.818  2366.05  
696.97  2138.58  
712.121  1934.29  
727.273  1754.33  
742.424  1590.95  
757.576  1443.91  
772.727  1312.17  
787.879  1194.58  
803.03  1091.05  
818.182  994.841  
833.333  908.695  
848.485  830.792  
863.636  760.601  
878.788  698.093  
893.939  639.044  
909.091  586.409  
924.242  539.037  
939.394  495.556  
954.545  456.462  
969.697  419.473  
984.848  386.725  
1000  356.852  
1015.15  328.887  
1030.3  304.242  
1045.45  280.966  
1060.61  259.768  
1075.76  240.047  
1090.91  222.233  
1106.06  205.331  
1121.21  190.462  
1136.36  176.63  
1151.52  163.716  
1166.67  152.009  
1181.82  140.75  
1196.97  130.867  
1212.12  121.332  
1227.27  113.089  
1242.42  105.06  
1257.58  97.4097  
1272.73  90.8081  
1287.88  84.4449  
1303.03  78.5693  
1318.18  73.1988  
1333.33  68.1773  
1348.48  63.6311  
1363.64  59.1354  
1378.79  55.2501  
1393.94  51.4639  
1409.09  47.9913  
1424.24  44.7502  
1439.39  41.7394  
1454.55  39.0685  
1469.7  36.4049  
1484.85  33.9855  
1500  31.7472  
1515.15  29.7044  
1530.3  27.7217  
1545.45  25.9179  
1560.61  24.2073  
1575.76  22.6624  
1590.91  21.1671  
1606.06  19.8164  
1621.21  18.5104  
1636.36  17.3173  
1651.52  16.2349  
1666.67  15.1678  
1681.82  14.1777  
1696.97  13.2788  
1712.12  12.4316  
1727.27  11.6342  
1742.42  10.903  
1757.58  10.2184  
1772.73  9.55142  
1787.88  8.9485  
1803.03  8.37989  
1818.18  7.85343  
1833.33  7.35584  
1848.48  6.89194  
1863.64  6.4608  
1878.79  6.05791  
1893.94  5.6699  
1909.09  5.31758  
1924.24  4.98064  
1939.39  4.66728  
1954.55  4.38243  
1969.7  4.09907  
1984.85  3.84577  
2000  3.60125  
