500  6608.73  
515.152  5707.23  
530.303  4942.1  
545.455  4283.95  
560.606  3731.17  
575.758  3256.17  
590.909  2845.75  
606.061  2493.25  
621.212  2195.49  
636.364  1931.8  
651.515  1701.48  
666.667  1505.5  
681.818  1330.65  
696.97  1180.2  
712.121  1047.93  
727.273  933.44  
742.424  829.748  
757.576  740.596  
772.727  660.99  
787.879  591.194  
803.03  529.577  
818.182  474.523  
833.333  425.214  
848.485  382.226  
863.636  343.672  
878.788  309.84  
893.939  278.79  
909.091  251.34  
924.242  226.859  
939.394  205.001  
954.545  185.496  
969.697  167.608  
984.848  151.795  
1000  137.573  
1015.15  124.637  
1030.3  113.299  
1045.45  102.809  
1060.61  93.4145  
1075.76  84.9254  
1090.91  77.2858  
1106.06  70.2662  
1121.21  64.0188  
1136.36  58.3873  
1151.52  53.1207  
1166.67  48.5769  
1181.82  44.2152  
1196.97  40.402  
1212.12  36.906  
1227.27  33.762  
1242.42  30.8522  
1257.58  28.1496  
1272.73  25.8173  
1287.88  23.6051  
1303.03  21.6007  
1318.18  19.7937  
1333.33  18.1291  
1348.48  16.6329  
1363.64  15.2337  
1378.79  13.9949  
1393.94  12.8217  
1409.09  11.7656  
1424.24  10.7921  
1439.39  9.89911  
1454.55  9.11333  
1469.7  8.3626  
1484.85  7.69145  
1500  7.05987  
1515.15  6.49939  
1530.3  5.97343  
1545.45  5.48584  
1560.61  5.04794  
1575.76  4.64953  
1590.91  4.27216  
1606.06  3.9378  
1621.21  3.62236  
1636.36  3.33267  
1651.52  3.07262  
1666.67  2.82489  
1681.82  2.60137  
1696.97  2.3983  
1712.12  2.20968  
1727.27  2.03406  
1742.42  1.87629  
1757.58  1.72845  
1772.73  1.59376  
1787.88  1.46972  
1803.03  1.3549  
1818.18  1.24923  
1833.33  1.14985  
1848.48  1.06083  
1863.64  0.979077  
1878.79  0.90373  
1893.94  0.833007  
1909.09  0.768397  
1924.24  0.708391  
1939.39  0.653748  
1954.55  0.603504  
1969.7  0.556126  
1984.85  0.513503  
2000  0.473404  
