500  30328.1  
515.152  25027.7  
530.303  21329.2  
545.455  17973.4  
560.606  15204.7  
575.758  12917.3  
590.909  10998.4  
606.061  9387.11  
621.212  8033.74  
636.364  6886.63  
651.515  5944.91  
666.667  5117.65  
681.818  4433.33  
696.97  3831.62  
712.121  3330.36  
727.273  2894.98  
742.424  2524.91  
757.576  2203.94  
772.727  1928.26  
787.879  1691.11  
803.03  1483.06  
818.182  1303.83  
833.333  1148.93  
848.485  1011.92  
863.636  893.143  
878.788  790.929  
893.939  699.757  
909.091  620.037  
924.242  549.136  
939.394  488.659  
954.545  434.371  
969.697  387.259  
984.848  344.561  
1000  307.834  
1015.15  274.759  
1030.3  245.327  
1045.45  219.805  
1060.61  196.781  
1075.76  176.257  
1090.91  158.002  
1106.06  141.964  
1121.21  127.518  
1136.36  114.619  
1151.52  103.172  
1166.67  92.846  
1181.82  83.6989  
1196.97  75.5431  
1212.12  68.2114  
1227.27  61.4426  
1242.42  55.5848  
1257.58  50.2117  
1272.73  45.4131  
1287.88  41.0982  
1303.03  37.246  
1318.18  33.6553  
1333.33  30.5451  
1348.48  27.7161  
1363.64  25.1594  
1378.79  22.81  
1393.94  20.7092  
1409.09  18.8448  
1424.24  17.126  
1439.39  15.5609  
1454.55  14.1503  
1469.7  12.8877  
1484.85  11.7276  
1500  10.6746  
1515.15  9.73343  
1530.3  8.8746  
1545.45  8.08486  
1560.61  7.37527  
1575.76  6.73295  
1590.91  6.14378  
1606.06  5.6074  
1621.21  5.12982  
1636.36  4.67476  
1651.52  4.27414  
1666.67  3.90634  
1681.82  3.5704  
1696.97  3.26854  
1712.12  2.98812  
1727.27  2.73025  
1742.42  2.50008  
1757.58  2.30152  
1772.73  2.09698  
1787.88  1.92101  
1803.03  1.75997  
1818.18  1.61241  
1833.33  1.47765  
1848.48  1.35665  
1863.64  1.23966  
1878.79  1.13879  
1893.94  1.04434  
1909.09  0.957164  
1924.24  0.87961  
1939.39  0.806555  
1954.55  0.738858  
1969.7  0.679275  
1984.85  0.623758  
2000  0.573253  
