500  3171.05  
515.152  2653.23  
530.303  2222.16  
545.455  1870.71  
560.606  1580.95  
575.758  1337.37  
590.909  1137.96  
606.061  969.816  
621.212  828.713  
636.364  710.108  
651.515  609.83  
666.667  524.626  
681.818  452.983  
696.97  391.446  
712.121  339.122  
727.273  294.796  
742.424  256.354  
757.576  223.158  
772.727  194.751  
787.879  170.563  
803.03  149.371  
818.182  130.885  
833.333  114.945  
848.485  101.116  
863.636  89.0589  
878.788  78.5374  
893.939  69.449  
909.091  61.4018  
924.242  54.2491  
939.394  48.1258  
954.545  42.6971  
969.697  37.9081  
984.848  33.6624  
1000  29.9718  
1015.15  26.7437  
1030.3  23.8233  
1045.45  21.2687  
1060.61  18.9767  
1075.76  16.961  
1090.91  15.1815  
1106.06  13.5884  
1121.21  12.1792  
1136.36  10.9164  
1151.52  9.77966  
1166.67  8.78815  
1181.82  7.90367  
1196.97  7.10154  
1212.12  6.3864  
1227.27  5.74762  
1242.42  5.17344  
1257.58  4.66559  
1272.73  4.2047  
1287.88  3.79453  
1303.03  3.42243  
1318.18  3.09161  
1333.33  2.79159  
1348.48  2.52289  
1363.64  2.28124  
1378.79  2.06458  
1393.94  1.86648  
1409.09  1.69221  
1424.24  1.5303  
1439.39  1.38698  
1454.55  1.25694  
1469.7  1.13996  
1484.85  1.0343  
1500  0.93761  
1515.15  0.851502  
1530.3  0.773251  
1545.45  0.702661  
1560.61  0.637353  
1575.76  0.579854  
1590.91  0.526641  
1606.06  0.478983  
1621.21  0.435876  
1636.36  0.396072  
1651.52  0.360355  
1666.67  0.328302  
1681.82  0.298346  
1696.97  0.272251  
1712.12  0.24778  
1727.27  0.225691  
1742.42  0.205414  
1757.58  0.187346  
1772.73  0.170878  
1787.88  0.155837  
1803.03  0.141946  
1818.18  0.129446  
1833.33  0.117989  
1848.48  0.107787  
1863.64  0.0981626  
1878.79  0.089687  
1893.94  0.0817975  
1909.09  0.0746697  
1924.24  0.0681147  
1939.39  0.0622004  
1954.55  0.056848  
1969.7  0.0517696  
1984.85  0.0474092  
2000  0.0432258  
