T,MTree,MVirt
-3.39706e+07    -3.7857e-15    -1.15178e-15
-3.36312e+07    0.199161    0.057574
-3.32917e+07    0.340323    0.0932464
-3.29523e+07    0.440786    0.115519
-3.26129e+07    0.512169    0.129326
-3.22735e+07    0.562464    0.13767
-3.19341e+07    0.59728    0.142439
-3.15947e+07    0.620623    0.144852
-3.12553e+07    0.635401    0.145711
-3.09159e+07    0.64375    0.145551
-3.05765e+07    0.64726    0.144732
-3.0237e+07    0.647125    0.1435
-2.98976e+07    0.644253    0.142024
-2.95582e+07    0.639337    0.140418
-2.92188e+07    0.632909    0.13876
-2.88794e+07    0.625382    0.137105
-2.854e+07    0.617078    0.135487
-2.82006e+07    0.608247    0.133928
-2.78612e+07    0.599085    0.132444
-2.75217e+07    0.589748    0.131042
-2.71823e+07    0.580357    0.129727
-2.68429e+07    0.571006    0.128498
-2.65035e+07    0.56177    0.127355
-2.61641e+07    0.552709    0.126295
-2.58247e+07    0.543868    0.125316
-2.54853e+07    0.535283    0.124412
-2.51459e+07    0.526982    0.123579
-2.48065e+07    0.518984    0.122814
-2.4467e+07    0.511307    0.122112
-2.41276e+07    0.503962    0.121469
-2.37882e+07    0.496957    0.120881
-2.34488e+07    0.490298    0.120344
-2.31094e+07    0.483989    0.119854
-2.277e+07    0.478031    0.119409
-2.24306e+07    0.472426    0.119004
-2.20912e+07    0.467173    0.118637
-2.17518e+07    0.462272    0.118306
-2.14123e+07    0.457721    0.118007
-2.10729e+07    0.453518    0.117739
-2.07335e+07    0.449662    0.117499
-2.03941e+07    0.44615    0.117286
-2.00547e+07    0.44298    0.117099
-1.97153e+07    0.44015    0.116934
-1.93759e+07    0.437659    0.116792
-1.90365e+07    0.435504    0.116671
-1.86971e+07    0.433683    0.116571
-1.83576e+07    0.432195    0.116489
-1.80182e+07    0.43104    0.116427
-1.76788e+07    0.430215    0.116382
-1.73394e+07    0.42972    0.116356
-1.7e+07    0.429555    0.116347
-1.66606e+07    0.42972    0.116356
-1.63212e+07    0.430215    0.116382
-1.59818e+07    0.43104    0.116427
-1.56424e+07    0.432195    0.116489
-1.53029e+07    0.433683    0.116571
-1.49635e+07    0.435504    0.116671
-1.46241e+07    0.437659    0.116792
-1.42847e+07    0.44015    0.116934
-1.39453e+07    0.44298    0.117099
-1.36059e+07    0.44615    0.117286
-1.32665e+07    0.449662    0.117499
-1.29271e+07    0.453518    0.117739
-1.25877e+07    0.457721    0.118007
-1.22482e+07    0.462272    0.118306
-1.19088e+07    0.467173    0.118637
-1.15694e+07    0.472426    0.119004
-1.123e+07    0.478031    0.119409
-1.08906e+07    0.483989    0.119854
-1.05512e+07    0.490298    0.120344
-1.02118e+07    0.496957    0.120881
-9.87236e+06    0.503962    0.121469
-9.53295e+06    0.511307    0.122112
-9.19354e+06    0.518984    0.122814
-8.85413e+06    0.526982    0.123579
-8.51472e+06    0.535283    0.124412
-8.17531e+06    0.543868    0.125316
-7.8359e+06    0.552709    0.126295
-7.49648e+06    0.56177    0.127355
-7.15707e+06    0.571006    0.128498
-6.81766e+06    0.580357    0.129727
-6.47825e+06    0.589748    0.131042
-6.13884e+06    0.599085    0.132444
-5.79943e+06    0.608247    0.133928
-5.46002e+06    0.617078    0.135487
-5.12061e+06    0.625382    0.137105
-4.78119e+06    0.632909    0.13876
-4.44178e+06    0.639337    0.140418
-4.10237e+06    0.644253    0.142024
-3.76296e+06    0.647125    0.1435
-3.42355e+06    0.64726    0.144732
-3.08414e+06    0.64375    0.145551
-2.74473e+06    0.635401    0.145711
-2.40532e+06    0.620623    0.144852
-2.0659e+06    0.59728    0.142439
-1.72649e+06    0.562464    0.13767
-1.38708e+06    0.512169    0.129326
-1.04767e+06    0.440786    0.115519
-708260    0.340323    0.0932464
-368849    0.199161    0.057574
-29437.3    -3.7857e-15    -1.15263e-15
