245774  19439.7  4831.7  1819.11  849.021  452.396  263.916  164.507  107.888  73.6766  
13838.3  3686.31  1324.81  591.697  303.937  171.97  104.449  66.9942  44.8699  31.1313  
2405.27  1052.36  477.376  242.531  135.007  80.6369  50.9063  33.5969  22.9979  16.2335  
615.366  353.392  188.843  106.122  63.1792  39.5657  25.8644  17.529  12.2505  8.78996  
190.555  129.263  78.1385  47.6851  30.072  19.6419  13.2537  9.20579  6.56082  4.7824  
65.8354  49.7293  33.0826  21.6357  14.3508  9.73605  6.76465  4.80861  3.49086  2.58328  
24.3095  19.7307  14.1545  9.81838  6.81124  4.78356  3.41517  2.48097  1.83314  1.3764  
9.35464  7.97755  6.07446  4.43011  3.19848  2.31882  1.69788  1.2591  0.946163  0.720443  
3.68776  3.25647  2.5999  1.97992  1.48133  1.10562  0.828678  0.626576  0.478522  0.369334  
1.47114  1.33227  1.10433  0.872076  0.673428  0.516051  0.395599  0.304696  0.236338  0.184818  
