386901   21468.4   4661.85   1581.33   683.896   335.891   184.772   110.129   68.7992   44.7479   
25942.3   5184.31   1625.99   676.019   328.774   179.038   105.738   65.8451   42.7796   29.1406   
4492.62   1666.43   653.02   303.781   161.023   92.5133   56.8787   36.8128   24.6102   17.0496   
1139.12   590.017   276.484   141.626   79.8696   48.0425   30.5162   20.1118   13.9074   9.80699   
349.888   219.277   121.102   67.2426   39.7632   24.8103   16.2524   11.0091   7.67905   5.53613   
119.278   84.2603   52.779   31.6879   19.7501   12.7385   8.56382   5.93024   4.19909   3.06025   
43.7338   33.2678   22.8341   14.8901   9.70625   6.47735   4.43786   3.13638   2.26229   1.66944   
16.6357   13.329   9.83081   6.86799   4.67578   3.22657   2.26282   1.62883   1.19253   0.888945   
6.4968   5.38644   4.18688   3.09309   2.2086   1.56634   1.13183   0.824681   0.613014   0.462986   
2.57239   2.18412   1.76663   1.35865   1.01643   0.746746   0.549797   0.408726   0.307797   0.234867   
