342100.0    20880.0    4760.0    1678.0    745.7    374.2    208.1    126.7    81.2    54.48    
23420.0    4645.0    1489.0    632.2    318.2    174.7    103.1    66.01    43.65    29.73    
4081.0    1539.0    592.4    282.3    149.2    86.45    53.66    35.1    23.8    16.68    
1038.0    551.0    259.2    131.5    73.23    44.36    28.38    19.2    13.19    9.424    
319.5    207.5    115.0    63.34    37.04    23.08    15.11    10.32    7.252    5.213    
108.4    79.67    50.08    30.24    18.6    11.89    7.951    5.497    3.939    2.864    
40.01    31.38    21.88    14.22    9.226    6.039    4.159    2.929    2.117    1.555    
15.2    12.56    9.357    6.588    4.482    3.075    2.125    1.527    1.117    0.8321    
5.968    5.144    4.021    2.984    2.135    1.499    1.073    0.7728    0.5757    0.4338    
2.354    2.06    1.694    1.308    0.9785    0.7133    0.5253    0.3849    0.2902    0.2206    
