183400.0    41410.0    16460.0    8480.0    5090.0    3249.0    2267.0    1662.0    1257.0    991.8    
3274.0    3905.0    2267.0    1411.0    945.2    665.0    493.2    380.0    301.4    239.2    
256.2    810.9    613.8    433.1    314.8    236.3    181.1    142.8    116.9    96.37    
35.36    203.2    202.6    161.0    124.4    96.88    77.39    63.19    51.64    43.28    
6.635    57.01    71.97    64.31    52.69    42.99    35.26    29.35    24.7    20.97    
1.513    17.17    25.99    26.16    23.03    19.76    16.52    14.05    11.89    10.25    
0.4042    5.408    9.521    10.65    10.06    8.954    7.879    6.785    5.839    5.149    
0.1179    1.771    3.55    4.358    4.421    4.079    3.678    3.218    2.864    2.521    
0.03642    0.5983    1.306    1.755    1.908    1.846    1.701    1.53    1.387    1.244    
0.01172    0.2056    0.493    0.7009    0.8039    0.8116    0.7765    0.7223    0.6567    0.6016    
