531997  115655  48180.5  26210.3  16427.6  11241.5  8168  6198.86  4862.61  3914.82  
18194.4  10234.8  5730.76  3595.2  2449.37  1769.53  1335.05  1041.32  833.887  682.148  
2760.82  2225.01  1512.37  1051.8  763.653  575.977  448.207  357.774  291.646  241.949  
666.624  636.235  499.646  378.891  290.726  227.807  182.277  148.606  123.15  103.518  
200.619  208.059  182.146  148.942  120.247  97.6575  80.229  66.743  56.197  47.8448  
68.2312  73.6033  69.882  61.0201  51.649  43.4116  36.5924  31.0505  26.5574  22.8988  
24.9633  27.3941  27.5936  25.4835  22.5341  19.5756  16.9216  14.6438  12.7225  11.1101  
9.55023  10.5399  11.0688  10.7178  9.86293  8.84219  7.83428  6.9134  6.10126  5.39677  
3.75114  4.13819  4.47445  4.50536  4.29759  3.96916  3.60209  3.24074  2.90546  2.60344  
1.49188  1.64209  1.81081  1.88228  1.85382  1.76053  1.63511  1.49933  1.36542  1.23952  
