gg_at_factorization_and_renorm_scale:q=m_sg
100      201286
138      47435.8
157      26011.4
176      15181.5
195      9264.21
214      5863.56
233      3845.01
252      2585.64
271      1773.68
290      1252.16
309      897.28
328      652.544
347      480.612
366      358.705
385      271.844
404      207.615
423      159.513
442      124.368
461      97.6055
480      77.1001
499      61.2683
518      48.9381
537      39.295
556      32.0272
575      26.0076
594      21.1291
613      17.4879
632      14.3279
651      11.9397
670      9.87469
689      8.2599
708      6.9291
727      5.76708
746      4.88117
765      4.13355
784      3.50079
803      2.95778
822      2.5114
841      2.14756
860      1.83905
879      1.57723
898      1.35479
917      1.16562
936      1.00451
955      0.867061
974      0.749569
993      0.648904
1012      0.562446
1031      0.488011
1050      0.423781
1069      0.368241
1088      0.320124
1107      0.281975
1126      0.247229
1145      0.216368
1164      0.189181
1183      0.165282
1202      0.14486
1221      0.128609
1240      0.113109
1259      0.0992023
1278      0.0868321
1297      0.0776333
1316      0.0684702
1335      0.0601372
1354      0.0534961
1373      0.0474878
1392      0.0418247
1411      0.0371201
1430      0.0331164
1449      0.0292078
1468      0.0260368
1487      0.0232126
1506      0.0204641
1525      0.0183872
1544      0.0163284
1563      0.0143648
1582      0.0130144
1601      0.0115019
1620      0.0103556
1639      0.00920863
1658      0.00820346
1677      0.00737276
1696      0.00650025
1715      0.00590392
1734      0.0052209
1753      0.00472951
1772      0.00419503
1791      0.00379124
1810      0.00337235
1829      0.00304228
1848      0.00271243
1867      0.00244485
1886      0.00218277
1905      0.00196816
1924      0.00175731
1943      0.00158708
1962      0.00141518
1981      0.00128141
2000      0.00113975
