gg_at_factorization_and_renorm_scale:q=m_sg
100      32.1845
138      4.07525
157      1.65461
176      0.728826
195      0.334386
214      0.159589
233      0.0789582
252      0.0399851
271      0.02051
290      0.0109128
309      0.00584812
328      0.00316677
347      0.00172534
366      0.00093677
385      0.000529675
404      0.000290402
423      0.000163287
442      9.23474e-05
461      5.20474e-05
480      2.92623e-05
499      1.63936e-05
518      9.11882e-06
537      5.01116e-06
556      2.88867e-06
575      1.60325e-06
594      8.5736e-07
613      4.92995e-07
632      2.60069e-07
651      1.47099e-07
670      7.49243e-08
689      4.21145e-08
708      2.25333e-08
727      1.11585e-08
746      6.05017e-09
765      3.17577e-09
784      1.58236e-09
803      7.24399e-10
822      3.67951e-10
841      1.82286e-10
860      8.79532e-11
879      4.12795e-11
898      1.88245e-11
917      8.33214e-12
936      3.57439e-12
955      1.48212e-12
974      5.9114e-13
993      2.25065e-13
1012      8.09387e-14
1031      2.71245e-14
1050      8.32898e-15
1069      2.29397e-15
1088      5.51138e-16
1107      1.11181e-16
1126      4.80492e-17
1145      9.35668e-18
1164      1.22089e-18
1183      9.33806e-20
1202      2.18334e-21
1221      6.5402e-22
1240      -7.25297e-23
1259      5.49504e-25
1278      1.52888e-40
1297      4.12735e-41
1316      0
1335      0
1354      0
1373      0
1392      0
1411      0
1430      0
1449      0
1468      0
1487      0
1506      0
1525      0
1544      0
1563      0
1582      0
1601      0
1620      0
1639      0
1658      0
1677      0
1696      0
1715      0
1734      0
1753      0
1772      0
1791      0
1810      0
1829      0
1848      0
1867      0
1886      0
1905      0
1924      0
1943      0
1962      0
1981      0
2000      0
