gg_at_factorization_and_renorm_scale:q=m_sg
100      4857.71
138      930.932
157      467.582
176      248.464
195      139.352
214      81.2409
233      49.0482
252      30.4523
271      19.553
290      12.647
309      8.42252
328      5.68347
347      3.90291
366      2.72107
385      1.8982
404      1.35703
423      0.973895
442      0.700779
461      0.508612
480      0.373452
499      0.276541
518      0.207243
537      0.155145
556      0.11618
575      0.0869348
594      0.0668229
613      0.0504707
632      0.0389124
651      0.0295655
670      0.0229596
689      0.0174388
708      0.0136448
727      0.0106417
746      0.00821947
765      0.00637846
784      0.0050147
803      0.00393747
822      0.00308669
841      0.00241343
860      0.00186336
879      0.00147203
898      0.00116286
917      0.000918655
936      0.000725748
955      0.000573318
974      0.000452813
993      0.000357489
1012      0.000282039
1031      0.000222288
1050      0.000180114
1069      0.000143714
1088      0.000114182
1107      9.04109e-05
1126      7.13463e-05
1145      5.60991e-05
1164      4.39382e-05
1183      3.59778e-05
1202      2.86233e-05
1221      2.25437e-05
1240      1.762e-05
1259      1.41962e-05
1278      1.1386e-05
1297      8.94312e-06
1316      6.94145e-06
1335      5.66948e-06
1354      4.48869e-06
1373      3.48148e-06
1392      2.79921e-06
1411      2.23242e-06
1430      1.72492e-06
1449      1.38544e-06
1468      1.10028e-06
1487      8.42477e-07
1506      6.86058e-07
1525      5.35384e-07
1544      4.03848e-07
1563      3.35216e-07
1582      2.55414e-07
1601      2.05602e-07
1620      1.59808e-07
1639      1.18474e-07
1658      9.88665e-08
1677      7.36459e-08
1696      6.04452e-08
1715      4.53458e-08
1734      3.65012e-08
1753      2.76556e-08
1772      2.17627e-08
1791      1.67067e-08
1810      1.28123e-08
1829      9.99646e-09
1848      7.46438e-09
1867      5.92329e-09
1886      4.34435e-09
1905      3.47387e-09
1924      2.55722e-09
1943      2.01455e-09
1962      1.50792e-09
1981      1.15349e-09
2000      8.81046e-10
