gg_at_factorization_and_renorm_scale:q=m_sg
100      2428.85
138      465.466
157      233.791
176      124.232
195      69.676
214      40.6205
233      24.5241
252      15.2262
271      9.77651
290      6.32351
309      4.21126
328      2.84173
347      1.95146
366      1.36053
385      0.9491
404      0.678514
423      0.486948
442      0.350389
461      0.254306
480      0.186726
499      0.138271
518      0.103622
537      0.0775727
556      0.05809
575      0.0434674
594      0.0334114
613      0.0252354
632      0.0194562
651      0.0147828
670      0.0114798
689      0.00871941
708      0.00682238
727      0.00532086
746      0.00410973
765      0.00318923
784      0.00250735
803      0.00196873
822      0.00154334
841      0.00120671
860      0.00093168
879      0.000736013
898      0.00058143
917      0.000459327
936      0.000362874
955      0.000286659
974      0.000226407
993      0.000178745
1012      0.000141019
1031      0.000111144
1050      9.00569e-05
1069      7.18568e-05
1088      5.70911e-05
1107      4.52055e-05
1126      3.56732e-05
1145      2.80496e-05
1164      2.19691e-05
1183      1.79889e-05
1202      1.43116e-05
1221      1.12718e-05
1240      8.81001e-06
1259      7.09809e-06
1278      5.69298e-06
1297      4.47156e-06
1316      3.47072e-06
1335      2.83474e-06
1354      2.24435e-06
1373      1.74074e-06
1392      1.3996e-06
1411      1.11621e-06
1430      8.62458e-07
1449      6.9272e-07
1468      5.50139e-07
1487      4.21239e-07
1506      3.43029e-07
1525      2.67692e-07
1544      2.01924e-07
1563      1.67608e-07
1582      1.27707e-07
1601      1.02801e-07
1620      7.99038e-08
1639      5.92368e-08
1658      4.94332e-08
1677      3.68229e-08
1696      3.02226e-08
1715      2.26729e-08
1734      1.82506e-08
1753      1.38278e-08
1772      1.08813e-08
1791      8.35334e-09
1810      6.40614e-09
1829      4.99823e-09
1848      3.73219e-09
1867      2.96164e-09
1886      2.17218e-09
1905      1.73694e-09
1924      1.27861e-09
1943      1.00728e-09
1962      7.53962e-10
1981      5.76743e-10
2000      4.40523e-10
