gg_at_factorization_and_renorm_scale:q=m_sg
100      16.0922
138      2.03763
157      0.827306
176      0.364413
195      0.167193
214      0.0797943
233      0.0394791
252      0.0199926
271      0.010255
290      0.00545638
309      0.00292406
328      0.00158338
347      0.000862672
366      0.000468385
385      0.000264837
404      0.000145201
423      8.16437e-05
442      4.61737e-05
461      2.60237e-05
480      1.46311e-05
499      8.19679e-06
518      4.55941e-06
537      2.50558e-06
556      1.44434e-06
575      8.01624e-07
594      4.2868e-07
613      2.46498e-07
632      1.30035e-07
651      7.35495e-08
670      3.74621e-08
689      2.10573e-08
708      1.12667e-08
727      5.57924e-09
746      3.02508e-09
765      1.58789e-09
784      7.91178e-10
803      3.62199e-10
822      1.83976e-10
841      9.1143e-11
860      4.39766e-11
879      2.06398e-11
898      9.41223e-12
917      4.16607e-12
936      1.78719e-12
955      7.41061e-13
974      2.9557e-13
993      1.12532e-13
1012      4.04693e-14
1031      1.35623e-14
1050      4.16449e-15
1069      1.14699e-15
1088      2.75569e-16
1107      5.55904e-17
1126      2.40246e-17
1145      4.67834e-18
1164      6.10445e-19
1183      4.66903e-20
1202      1.09167e-21
1221      3.2701e-22
1240      -3.62649e-23
1259      2.74752e-25
1278      7.64438e-41
1297      2.06368e-41
1316      0
1335      0
1354      0
1373      0
1392      0
1411      0
1430      0
1449      0
1468      0
1487      0
1506      0
1525      0
1544      0
1563      0
1582      0
1601      0
1620      0
1639      0
1658      0
1677      0
1696      0
1715      0
1734      0
1753      0
1772      0
1791      0
1810      0
1829      0
1848      0
1867      0
1886      0
1905      0
1924      0
1943      0
1962      0
1981      0
2000      0
