gg_at_factorization_and_renorm_scale:q=m_sg
100      100643
138      23717.9
157      13005.7
176      7590.77
195      4632.1
214      2931.78
233      1922.5
252      1292.82
271      886.839
290      626.082
309      448.64
328      326.272
347      240.306
366      179.352
385      135.922
404      103.808
423      79.7567
442      62.1839
461      48.8028
480      38.55
499      30.6341
518      24.4691
537      19.6475
556      16.0136
575      13.0038
594      10.5646
613      8.74396
632      7.16396
651      5.96984
670      4.93734
689      4.12995
708      3.46455
727      2.88354
746      2.44058
765      2.06677
784      1.75039
803      1.47889
822      1.2557
841      1.07378
860      0.919527
879      0.788613
898      0.677397
917      0.582809
936      0.502253
955      0.43353
974      0.374785
993      0.324452
1012      0.281223
1031      0.244005
1050      0.21189
1069      0.18412
1088      0.160062
1107      0.140988
1126      0.123614
1145      0.108184
1164      0.0945903
1183      0.082641
1202      0.0724298
1221      0.0643047
1240      0.0565546
1259      0.0496012
1278      0.0434161
1297      0.0388166
1316      0.0342351
1335      0.0300686
1354      0.0267481
1373      0.0237439
1392      0.0209123
1411      0.01856
1430      0.0165582
1449      0.0146039
1468      0.0130184
1487      0.0116063
1506      0.010232
1525      0.00919362
1544      0.00816418
1563      0.0071824
1582      0.00650721
1601      0.00575094
1620      0.0051778
1639      0.00460432
1658      0.00410173
1677      0.00368638
1696      0.00325012
1715      0.00295196
1734      0.00261045
1753      0.00236475
1772      0.00209751
1791      0.00189562
1810      0.00168618
1829      0.00152114
1848      0.00135622
1867      0.00122243
1886      0.00109139
1905      0.000984082
1924      0.000878654
1943      0.000793541
1962      0.000707592
1981      0.000640706
2000      0.000569874
