100  143.105  
159.184  137.167  
218.367  129.66  
277.551  121.315  
336.735  112.649  
395.918  104.045  
455.102  95.7371  
514.286  87.8687  
573.469  80.5141  
632.653  73.7066  
691.837  67.4333  
751.02  61.6981  
810.204  56.473  
869.388  51.7157  
928.571  47.3859  
987.755  43.4509  
1046.94  39.8801  
1106.12  36.6391  
1165.31  33.6951  
1224.49  31.0105  
1283.67  28.5768  
1342.86  26.3581  
1402.04  24.3474  
1461.22  22.5136  
1520.41  20.8348  
1579.59  19.3039  
1638.78  17.8999  
1697.96  16.62  
1757.14  15.4466  
1816.33  14.3697  
1875.51  13.3822  
1934.69  12.4744  
1993.88  11.6393  
2053.06  10.87  
2112.24  10.1607  
2171.43  9.50924  
2230.61  8.90289  
2289.8  8.34545  
2348.98  7.8277  
2408.16  7.34683  
2467.35  6.9012  
2526.53  6.4892  
2585.71  6.1065  
2644.9  5.75071  
2704.08  5.41914  
2763.27  5.11135  
2822.45  4.82355  
2881.63  4.55555  
2940.82  4.30535  
3000  4.0716  
