100    211.2
138    185.8
177    164.2
216    142.6
255    127.7
293    112.4
332    98.78
371    88.18
410    77.6
448    69.5
487    61.36
526    54.71
565    48.21
604    42.95
642    38.32
681    34.02
720    30.45
759    26.85
797    23.76
836    21.49
875    19.0
914    16.83
953    15.06
991    13.37
1030    11.9
1069    10.53
1108    9.34
1146    8.321
1185    7.407
1224    6.577
1263    5.869
1302    5.174
1340    4.592
1379    4.065
1418    3.594
1457    3.188
1495    2.805
1534    2.49
1573    2.201
1612    1.939
1651    1.717
1689    1.524
1728    1.336
1767    1.173
1806    1.036
1844    0.9067
1883    0.7971
1922    0.7011
1961    0.6145
2000    0.5351
