100  3841.28  
138.776  2407.33  
177.551  1654.82  
216.327  1196.42  
255.102  900.915  
293.878  692.367  
332.653  545.108  
371.429  435.068  
410.204  351.982  
448.98  287.349  
487.755  236.333  
526.531  195.891  
565.306  163.32  
604.082  136.573  
642.857  115.341  
681.633  96.8952  
720.408  82.0817  
759.184  69.7095  
797.959  59.2763  
836.735  50.4988  
875.51  43.1672  
914.286  36.9032  
953.061  31.5932  
991.837  27.0754  
1030.61  23.2527  
1069.39  19.9638  
1108.16  17.1369  
1146.94  14.7226  
1185.71  12.6651  
1224.49  10.9313  
1263.27  9.38071  
1302.04  8.07764  
1340.82  6.9586  
1379.59  6.00475  
1418.37  5.1679  
1457.14  4.45447  
1495.92  3.82544  
1534.69  3.29888  
1573.47  2.83995  
1612.24  2.44521  
1651.02  2.107  
1689.8  1.80985  
1728.57  1.55556  
1767.35  1.33802  
1806.12  1.1491  
1844.9  0.9889  
1883.67  0.847913  
1922.45  0.727378  
1961.22  0.623947  
2000  0.534273  
