100  264.022  
138.776  214.175  
177.551  178.928  
216.327  151.929  
255.102  130.392  
293.878  112.651  
332.653  97.8797  
371.429  85.3347  
410.204  74.615  
448.98  65.3373  
487.755  57.3737  
526.531  50.3963  
565.306  44.3288  
604.082  39.0711  
642.857  34.351  
681.633  30.2805  
720.408  26.6561  
759.184  23.5032  
797.959  20.7244  
836.735  18.2604  
875.51  16.1002  
914.286  14.1877  
953.061  12.5067  
991.837  11.0192  
1030.61  9.6986  
1069.39  8.5383  
1108.16  7.48872  
1146.94  6.61139  
1185.71  5.8117  
1224.49  5.10913  
1263.27  4.49005  
1302.04  3.94113  
1340.82  3.45733  
1379.59  3.03496  
1418.37  2.66226  
1457.14  2.33088  
1495.92  2.03991  
1534.69  1.78488  
1573.47  1.56109  
1612.24  1.36466  
1651.02  1.19166  
1689.8  1.03949  
1728.57  0.906629  
1767.35  0.790956  
1806.12  0.688768  
1844.9  0.599332  
1883.67  0.520391  
1922.45  0.45208  
1961.22  0.392974  
2000  0.340802  
