100  4070.17  
138.776  2509.83  
177.551  1707.59  
216.327  1226.07  
255.102  918.566  
293.878  705.166  
332.653  553.312  
371.429  441.214  
410.204  356.812  
448.98  291.353  
487.755  239.764  
526.531  198.937  
565.306  166.077  
604.082  139.099  
642.857  117.68  
681.633  99.0679  
720.408  84.108  
759.184  71.6015  
797.959  61.0407  
836.735  52.1349  
875.51  44.6966  
914.286  38.3271  
953.061  32.9103  
991.837  28.2933  
1030.61  24.3784  
1069.39  21.0034  
1108.16  18.0927  
1146.94  15.5976  
1185.71  13.4664  
1224.49  11.6644  
1263.27  10.0504  
1302.04  8.6847  
1340.82  7.51169  
1379.59  6.50668  
1418.37  5.62337  
1457.14  4.86625  
1495.92  4.19706  
1534.69  3.6337  
1573.47  3.14162  
1612.24  2.71661  
1651.02  2.35126  
1689.8  2.02813  
1728.57  1.75104  
1767.35  1.51256  
1806.12  1.30482  
1844.9  1.11931  
1883.67  0.971646  
1922.45  0.837178  
1961.22  0.721453  
2000  0.620503  
