100  3.39539  
159.184  7.74766  
218.367  12.8148  
277.551  17.9448  
336.735  22.7264  
395.918  26.9391  
455.102  30.4979  
514.286  33.4019  
573.469  35.6805  
632.653  37.4104  
691.837  38.6603  
751.02  39.4949  
810.204  39.981  
869.388  40.1781  
928.571  40.1382  
987.755  39.9123  
1046.94  39.5292  
1106.12  39.0266  
1165.31  38.429  
1224.49  37.7605  
1283.67  37.034  
1342.86  36.2692  
1402.04  35.4772  
1461.22  34.6651  
1520.41  33.8456  
1579.59  33.0231  
1638.78  32.2012  
1697.96  31.3865  
1757.14  30.5806  
1816.33  29.7839  
1875.51  29.005  
1934.69  28.2427  
1993.88  27.5014  
2053.06  26.7753  
2112.24  26.0673  
2171.43  25.3782  
2230.61  24.707  
2289.8  24.0569  
2348.98  23.4251  
2408.16  22.8123  
2467.35  22.2182  
2526.53  21.6416  
2585.71  21.0836  
2644.9  20.5426  
2704.08  20.0188  
2763.27  19.5114  
2822.45  19.0201  
2881.63  18.5443  
2940.82  18.0837  
3000  17.6377  
