100    2339.0
138    1614.0
177    1169.0
216    890.6
255    710.0
293    565.4
332    454.2
371    370.9
410    308.8
448    257.3
487    215.4
526    184.7
565    156.3
604    131.2
642    114.5
681    97.0
720    83.9
759    71.82
797    62.88
836    53.18
875    46.32
914    40.07
953    35.01
991    30.28
1030    26.29
1069    22.68
1108    19.77
1146    17.34
1185    15.2
1224    13.15
1263    11.53
1302    9.939
1340    8.741
1379    7.529
1418    6.524
1457    5.727
1495    4.969
1534    4.392
1573    3.757
1612    3.266
1651    2.837
1689    2.502
1728    2.163
1767    1.863
1806    1.616
1844    1.415
1883    1.206
1922    1.043
1961    0.9031
2000    0.7771
