100  134.576  
159.184  129.041  
218.367  122.013  
277.551  114.181  
336.735  106.045  
395.918  97.9451  
455.102  90.1137  
514.286  82.6895  
573.469  75.7469  
632.653  69.3217  
691.837  63.3925  
751.02  57.9761  
810.204  53.0388  
869.388  48.5427  
928.571  44.4551  
987.755  40.745  
1046.94  37.3751  
1106.12  34.3179  
1165.31  31.5418  
1224.49  29.0176  
1283.67  26.7196  
1342.86  24.6361  
1402.04  22.738  
1461.22  21.0095  
1520.41  19.4348  
1579.59  17.9951  
1638.78  16.6796  
1697.96  15.4765  
1757.14  14.3744  
1816.33  13.3655  
1875.51  12.4398  
1934.69  11.5895  
1993.88  10.8064  
2053.06  10.0881  
2112.24  9.424  
2171.43  8.81461  
2230.61  8.25056  
2289.8  7.72817  
2348.98  7.2452  
2408.16  6.79728  
2467.35  6.38287  
2526.53  5.99967  
2585.71  5.64327  
2644.9  5.3117  
2704.08  5.00409  
2763.27  4.71671  
2822.45  4.44935  
2881.63  4.2004  
2940.82  3.96809  
3000  3.75115  
