100    234.5
159    222.5
218    210.8
277    195.3
336    180.3
395    165.4
455    150.9
514    137.0
573    123.8
632    112.0
691    100.2
751    90.19
810    80.91
869    72.82
928    64.86
987    58.58
1046    53.28
1106    47.96
1165    43.47
1224    39.58
1283    35.86
1342    32.89
1402    29.86
1461    27.23
1520    24.89
1579    22.9
1638    20.99
1697    19.5
1757    17.83
1816    16.48
1875    15.27
1934    14.16
1993    13.1
2053    12.16
2112    11.37
2171    10.57
2230    9.875
2289    9.231
2348    8.596
2408    8.077
2467    7.546
2526    7.109
2585    6.676
2644    6.227
2704    5.935
2763    5.469
2822    5.2
2881    4.931
2940    4.644
3000    4.385
