100  278.149  
138.776  224.126  
177.551  186.446  
216.327  157.906  
255.102  135.339  
293.878  116.826  
332.653  101.501  
371.429  88.5329  
410.204  77.4573  
448.98  67.9452  
487.755  59.7202  
526.531  52.5419  
565.306  46.3397  
604.082  40.9  
642.857  36.0332  
681.633  31.8384  
720.408  28.1019  
759.184  24.8439  
797.959  21.9624  
836.735  19.4098  
875.51  17.1647  
914.286  15.193  
953.061  13.4275  
991.837  11.8577  
1030.61  10.473  
1069.39  9.25292  
1108.16  8.14624  
1146.94  7.21517  
1185.71  6.36548  
1224.49  5.6169  
1263.27  4.95451  
1302.04  4.36557  
1340.82  3.84439  
1379.59  3.38739  
1418.37  2.98413  
1457.14  2.62266  
1495.92  2.30475  
1534.69  2.02469  
1573.47  1.77828  
1612.24  1.56074  
1651.02  1.36856  
1689.8  1.19887  
1728.57  1.05001  
1767.35  0.920499  
1806.12  0.804517  
1844.9  0.702996  
1883.67  0.613123  
1922.45  0.534965  
1961.22  0.466999  
2000  0.407353  
