100    4.416
159    10.59
218    18.05
277    25.39
336    32.65
395    39.07
455    43.7
514    48.07
573    50.72
632    53.47
691    54.34
751    54.6
810    54.45
869    53.6
928    53.07
987    51.94
1046    50.98
1106    49.13
1165    47.8
1224    46.68
1283    45.59
1342    43.21
1402    42.11
1461    40.35
1520    39.29
1579    37.88
1638    36.82
1697    35.27
1757    33.76
1816    32.99
1875    31.67
1934    30.31
1993    29.34
2053    28.51
2112    27.48
2171    26.61
2230    25.9
2289    25.05
2348    24.26
2408    23.3
2467    22.58
2526    22.15
2585    21.2
2644    20.73
2704    20.07
2763    19.58
2822    18.84
2881    18.24
2940    17.62
3000    17.43
