100  3.20413  
159.184  7.33005  
218.367  12.1545  
277.551  17.0569  
336.735  21.6404  
395.918  25.6896  
455.102  29.1162  
514.286  31.9165  
573.469  34.1188  
632.653  35.7925  
691.837  37.0046  
751.02  37.8168  
810.204  38.2892  
869.388  38.4836  
928.571  38.4462  
987.755  38.24  
1046.94  37.8719  
1106.12  37.3924  
1165.31  36.8152  
1224.49  36.1757  
1283.67  35.4789  
1342.86  34.7412  
1402.04  33.9767  
1461.22  33.1981  
1520.41  32.404  
1579.59  31.6136  
1638.78  30.8218  
1697.96  30.0369  
1757.14  29.2604  
1816.33  28.4951  
1875.51  27.7461  
1934.69  27.0124  
1993.88  26.2983  
2053.06  25.5991  
2112.24  24.918  
2171.43  24.2552  
2230.61  23.6108  
2289.8  22.9847  
2348.98  22.3776  
2408.16  21.7886  
2467.35  21.2175  
2526.53  20.6636  
2585.71  20.1272  
2644.9  19.6073  
2704.08  19.1052  
2763.27  18.6181  
2822.45  18.1465  
2881.63  17.6898  
2940.82  17.2478  
3000  16.8199  
