T,MTreeLO,MTreeNLO,MVirtNLO,MsinglepoleNLO,MdoublepoleNLO
-3.39706e+07    -3.7857e-15    -3.69041e-15    -1.62498e-15    -9.38952e-16    1.6842e-16
-3.36312e+07    0.199161    0.194148    0.0827346    0.047818    -0.00886037
-3.32917e+07    0.340323    0.331757    0.136761    0.0823878    -0.0151405
-3.29523e+07    0.440786    0.429691    0.171798    0.107454    -0.0196099
-3.26129e+07    0.512169    0.499278    0.194073    0.125593    -0.0227857
-3.22735e+07    0.562464    0.548307    0.207671    0.138612    -0.0250232
-3.19341e+07    0.59728    0.582246    0.21532    0.147807    -0.0265721
-3.15947e+07    0.620623    0.605002    0.218876    0.154119    -0.0276107
-3.12553e+07    0.635401    0.619408    0.219618    0.158244    -0.0282681
-3.09159e+07    0.64375    0.627546    0.218434    0.160699    -0.0286395
-3.05765e+07    0.64726    0.630968    0.215953    0.161877    -0.0287957
-3.0237e+07    0.647125    0.630837    0.212616    0.162078    -0.0287897
-2.98976e+07    0.644253    0.628037    0.208739    0.16153    -0.0286619
-2.95582e+07    0.639337    0.623245    0.204547    0.160414    -0.0284432
-2.92188e+07    0.632909    0.616978    0.2002    0.158867    -0.0281572
-2.88794e+07    0.625382    0.609641    0.195812    0.156999    -0.0278224
-2.854e+07    0.617078    0.601546    0.191463    0.154897    -0.0274529
-2.82006e+07    0.608247    0.592937    0.187209    0.152629    -0.02706
-2.78612e+07    0.599085    0.584006    0.183087    0.150249    -0.0266525
-2.75217e+07    0.589748    0.574904    0.179124    0.1478    -0.0262371
-2.71823e+07    0.580357    0.565749    0.175334    0.145317    -0.0258192
-2.68429e+07    0.571006    0.556633    0.171726    0.142827    -0.0254032
-2.65035e+07    0.56177    0.54763    0.168305    0.140353    -0.0249924
-2.61641e+07    0.552709    0.538797    0.165071    0.137913    -0.0245892
-2.58247e+07    0.543868    0.530179    0.162021    0.13552    -0.0241959
-2.54853e+07    0.535283    0.52181    0.159151    0.133185    -0.023814
-2.51459e+07    0.526982    0.513717    0.156455    0.130919    -0.0234447
-2.48065e+07    0.518984    0.505921    0.153929    0.128728    -0.0230889
-2.4467e+07    0.511307    0.498438    0.151566    0.126616    -0.0227473
-2.41276e+07    0.503962    0.491277    0.149358    0.12459    -0.0224206
-2.37882e+07    0.496957    0.484449    0.147299    0.122652    -0.0221089
-2.34488e+07    0.490298    0.477957    0.145384    0.120805    -0.0218127
-2.31094e+07    0.483989    0.471807    0.143604    0.11905    -0.021532
-2.277e+07    0.478031    0.465999    0.141955    0.117389    -0.0212669
-2.24306e+07    0.472426    0.460535    0.140431    0.115823    -0.0210176
-2.20912e+07    0.467173    0.455414    0.139025    0.114353    -0.0207839
-2.17518e+07    0.462272    0.450636    0.137733    0.112978    -0.0205658
-2.14123e+07    0.457721    0.4462    0.136551    0.1117    -0.0203634
-2.10729e+07    0.453518    0.442103    0.135473    0.110517    -0.0201764
-2.07335e+07    0.449662    0.438344    0.134496    0.109431    -0.0200048
-2.03941e+07    0.44615    0.43492    0.133616    0.10844    -0.0198486
-2.00547e+07    0.44298    0.43183    0.13283    0.107545    -0.0197076
-1.97153e+07    0.44015    0.429072    0.132134    0.106745    -0.0195817
-1.93759e+07    0.437659    0.426643    0.131526    0.10604    -0.0194708
-1.90365e+07    0.435504    0.424542    0.131004    0.10543    -0.0193749
-1.86971e+07    0.433683    0.422767    0.130565    0.104914    -0.0192939
-1.83576e+07    0.432195    0.421317    0.130209    0.104492    -0.0192278
-1.80182e+07    0.43104    0.42019    0.129933    0.104164    -0.0191763
-1.76788e+07    0.430215    0.419386    0.129737    0.10393    -0.0191396
-1.73394e+07    0.42972    0.418904    0.129619    0.10379    -0.0191176
-1.7e+07    0.429555    0.418743    0.12958    0.103743    -0.0191103
-1.66606e+07    0.42972    0.418904    0.129619    0.10379    -0.0191176
-1.63212e+07    0.430215    0.419386    0.129737    0.10393    -0.0191396
-1.59818e+07    0.43104    0.42019    0.129933    0.104164    -0.0191763
-1.56424e+07    0.432195    0.421317    0.130209    0.104492    -0.0192278
-1.53029e+07    0.433683    0.422767    0.130565    0.104914    -0.0192939
-1.49635e+07    0.435504    0.424542    0.131004    0.10543    -0.0193749
-1.46241e+07    0.437659    0.426643    0.131526    0.10604    -0.0194708
-1.42847e+07    0.44015    0.429072    0.132134    0.106745    -0.0195817
-1.39453e+07    0.44298    0.43183    0.13283    0.107545    -0.0197076
-1.36059e+07    0.44615    0.43492    0.133616    0.10844    -0.0198486
-1.32665e+07    0.449662    0.438344    0.134496    0.109431    -0.0200048
-1.29271e+07    0.453518    0.442103    0.135473    0.110517    -0.0201764
-1.25877e+07    0.457721    0.4462    0.136551    0.1117    -0.0203634
-1.22482e+07    0.462272    0.450636    0.137733    0.112978    -0.0205658
-1.19088e+07    0.467173    0.455414    0.139025    0.114353    -0.0207839
-1.15694e+07    0.472426    0.460535    0.140431    0.115823    -0.0210176
-1.123e+07    0.478031    0.465999    0.141955    0.117389    -0.0212669
-1.08906e+07    0.483989    0.471807    0.143604    0.11905    -0.021532
-1.05512e+07    0.490298    0.477957    0.145384    0.120805    -0.0218127
-1.02118e+07    0.496957    0.484449    0.147299    0.122652    -0.0221089
-9.87236e+06    0.503962    0.491277    0.149358    0.12459    -0.0224206
-9.53295e+06    0.511307    0.498438    0.151566    0.126616    -0.0227473
-9.19354e+06    0.518984    0.505921    0.153929    0.128728    -0.0230889
-8.85413e+06    0.526982    0.513717    0.156455    0.130919    -0.0234447
-8.51472e+06    0.535283    0.52181    0.159151    0.133185    -0.023814
-8.17531e+06    0.543868    0.530179    0.162021    0.13552    -0.0241959
-7.8359e+06    0.552709    0.538797    0.165071    0.137913    -0.0245892
-7.49648e+06    0.56177    0.54763    0.168305    0.140353    -0.0249924
-7.15707e+06    0.571006    0.556633    0.171726    0.142827    -0.0254032
-6.81766e+06    0.580357    0.565749    0.175334    0.145317    -0.0258192
-6.47825e+06    0.589748    0.574904    0.179124    0.1478    -0.0262371
-6.13884e+06    0.599085    0.584006    0.183087    0.150249    -0.0266525
-5.79943e+06    0.608247    0.592937    0.187209    0.152629    -0.02706
-5.46002e+06    0.617078    0.601546    0.191463    0.154897    -0.0274529
-5.12061e+06    0.625382    0.609641    0.195812    0.156999    -0.0278224
-4.78119e+06    0.632909    0.616978    0.2002    0.158867    -0.0281572
-4.44178e+06    0.639337    0.623245    0.204547    0.160414    -0.0284432
-4.10237e+06    0.644253    0.628037    0.208739    0.16153    -0.0286619
-3.76296e+06    0.647125    0.630837    0.212616    0.162078    -0.0287897
-3.42355e+06    0.64726    0.630968    0.215953    0.161877    -0.0287957
-3.08414e+06    0.64375    0.627546    0.218434    0.160699    -0.0286395
-2.74473e+06    0.635401    0.619408    0.219618    0.158244    -0.0282681
-2.40532e+06    0.620623    0.605002    0.218876    0.154119    -0.0276107
-2.0659e+06    0.59728    0.582246    0.21532    0.147807    -0.0265721
-1.72649e+06    0.562464    0.548307    0.207671    0.138612    -0.0250232
-1.38708e+06    0.512169    0.499278    0.194073    0.125593    -0.0227857
-1.04767e+06    0.440786    0.429691    0.171798    0.107454    -0.0196099
-708260    0.340323    0.331757    0.136761    0.0823878    -0.0151405
-368849    0.199161    0.194148    0.0827346    0.047818    -0.00886037
-29437.3    -3.7857e-15    -3.69041e-15    -1.59994e-15    -9.41352e-16    1.6842e-16
