T,MTreeLO,MTreeNLO,MVirtNLO,MsinglepoleNLO,MdoublepoleNLO
-3.39706e+07    -3.7857e-15    -3.69041e-15    -6.68989e-16    -3.36841e-16    0
-3.36312e+07    0.199161    0.194148    0.0351655    0.0177207    0
-3.32917e+07    0.340323    0.331757    0.0604015    0.030281    0
-3.29523e+07    0.440786    0.429691    0.078945    0.0392199    0
-3.26129e+07    0.512169    0.499278    0.0928028    0.0455714    0
-3.22735e+07    0.562464    0.548307    0.10328    0.0500465    0
-3.19341e+07    0.59728    0.582246    0.111257    0.0531443    0
-3.15947e+07    0.620623    0.605002    0.117348    0.0552213    0
-3.12553e+07    0.635401    0.619408    0.121995    0.0565362    0
-3.09159e+07    0.64375    0.627546    0.12552    0.057279    0
-3.05765e+07    0.64726    0.630968    0.128164    0.0575913    0
-3.0237e+07    0.647125    0.630837    0.130111    0.0575794    0
-2.98976e+07    0.644253    0.628037    0.131502    0.0573238    0
-2.95582e+07    0.639337    0.623245    0.132448    0.0568864    0
-2.92188e+07    0.632909    0.616978    0.133036    0.0563144    0
-2.88794e+07    0.625382    0.609641    0.133336    0.0556447    0
-2.854e+07    0.617078    0.601546    0.133404    0.0549058    0
-2.82006e+07    0.608247    0.592937    0.133285    0.0541201    0
-2.78612e+07    0.599085    0.584006    0.133016    0.0533049    0
-2.75217e+07    0.589748    0.574904    0.132629    0.0524741    0
-2.71823e+07    0.580357    0.565749    0.132147    0.0516385    0
-2.68429e+07    0.571006    0.556633    0.131593    0.0508064    0
-2.65035e+07    0.56177    0.54763    0.130983    0.0499847    0
-2.61641e+07    0.552709    0.538797    0.130333    0.0491785    0
-2.58247e+07    0.543868    0.530179    0.129653    0.0483918    0
-2.54853e+07    0.535283    0.52181    0.128956    0.047628    0
-2.51459e+07    0.526982    0.513717    0.128249    0.0468893    0
-2.48065e+07    0.518984    0.505921    0.12754    0.0461778    0
-2.4467e+07    0.511307    0.498438    0.126835    0.0454947    0
-2.41276e+07    0.503962    0.491277    0.126139    0.0448411    0
-2.37882e+07    0.496957    0.484449    0.125458    0.0442178    0
-2.34488e+07    0.490298    0.477957    0.124794    0.0436253    0
-2.31094e+07    0.483989    0.471807    0.124151    0.043064    0
-2.277e+07    0.478031    0.465999    0.123533    0.0425339    0
-2.24306e+07    0.472426    0.460535    0.122941    0.0420351    0
-2.20912e+07    0.467173    0.455414    0.122378    0.0415677    0
-2.17518e+07    0.462272    0.450636    0.121844    0.0411316    0
-2.14123e+07    0.457721    0.4462    0.121343    0.0407267    0
-2.10729e+07    0.453518    0.442103    0.120875    0.0403528    0
-2.07335e+07    0.449662    0.438344    0.120441    0.0400096    0
-2.03941e+07    0.44615    0.43492    0.120042    0.0396972    0
-2.00547e+07    0.44298    0.43183    0.119679    0.0394151    0
-1.97153e+07    0.44015    0.429072    0.119353    0.0391633    0
-1.93759e+07    0.437659    0.426643    0.119064    0.0389416    0
-1.90365e+07    0.435504    0.424542    0.118812    0.0387499    0
-1.86971e+07    0.433683    0.422767    0.118599    0.0385879    0
-1.83576e+07    0.432195    0.421317    0.118424    0.0384555    0
-1.80182e+07    0.43104    0.42019    0.118288    0.0383527    0
-1.76788e+07    0.430215    0.419386    0.11819    0.0382793    0
-1.73394e+07    0.42972    0.418904    0.118132    0.0382353    0
-1.7e+07    0.429555    0.418743    0.118112    0.0382206    0
-1.66606e+07    0.42972    0.418904    0.118132    0.0382353    0
-1.63212e+07    0.430215    0.419386    0.11819    0.0382793    0
-1.59818e+07    0.43104    0.42019    0.118288    0.0383527    0
-1.56424e+07    0.432195    0.421317    0.118424    0.0384555    0
-1.53029e+07    0.433683    0.422767    0.118599    0.0385879    0
-1.49635e+07    0.435504    0.424542    0.118812    0.0387499    0
-1.46241e+07    0.437659    0.426643    0.119064    0.0389416    0
-1.42847e+07    0.44015    0.429072    0.119353    0.0391633    0
-1.39453e+07    0.44298    0.43183    0.119679    0.0394151    0
-1.36059e+07    0.44615    0.43492    0.120042    0.0396972    0
-1.32665e+07    0.449662    0.438344    0.120441    0.0400096    0
-1.29271e+07    0.453518    0.442103    0.120875    0.0403528    0
-1.25877e+07    0.457721    0.4462    0.121343    0.0407267    0
-1.22482e+07    0.462272    0.450636    0.121844    0.0411316    0
-1.19088e+07    0.467173    0.455414    0.122378    0.0415677    0
-1.15694e+07    0.472426    0.460535    0.122941    0.0420351    0
-1.123e+07    0.478031    0.465999    0.123533    0.0425339    0
-1.08906e+07    0.483989    0.471807    0.124151    0.043064    0
-1.05512e+07    0.490298    0.477957    0.124794    0.0436253    0
-1.02118e+07    0.496957    0.484449    0.125458    0.0442178    0
-9.87236e+06    0.503962    0.491277    0.126139    0.0448411    0
-9.53295e+06    0.511307    0.498438    0.126835    0.0454947    0
-9.19354e+06    0.518984    0.505921    0.12754    0.0461778    0
-8.85413e+06    0.526982    0.513717    0.128249    0.0468893    0
-8.51472e+06    0.535283    0.52181    0.128956    0.047628    0
-8.17531e+06    0.543868    0.530179    0.129653    0.0483918    0
-7.8359e+06    0.552709    0.538797    0.130333    0.0491785    0
-7.49648e+06    0.56177    0.54763    0.130983    0.0499847    0
-7.15707e+06    0.571006    0.556633    0.131593    0.0508064    0
-6.81766e+06    0.580357    0.565749    0.132147    0.0516385    0
-6.47825e+06    0.589748    0.574904    0.132629    0.0524741    0
-6.13884e+06    0.599085    0.584006    0.133016    0.0533049    0
-5.79943e+06    0.608247    0.592937    0.133285    0.0541201    0
-5.46002e+06    0.617078    0.601546    0.133404    0.0549058    0
-5.12061e+06    0.625382    0.609641    0.133336    0.0556447    0
-4.78119e+06    0.632909    0.616978    0.133036    0.0563144    0
-4.44178e+06    0.639337    0.623245    0.132448    0.0568864    0
-4.10237e+06    0.644253    0.628037    0.131502    0.0573238    0
-3.76296e+06    0.647125    0.630837    0.130111    0.0575794    0
-3.42355e+06    0.64726    0.630968    0.128164    0.0575913    0
-3.08414e+06    0.64375    0.627546    0.12552    0.057279    0
-2.74473e+06    0.635401    0.619408    0.121995    0.0565362    0
-2.40532e+06    0.620623    0.605002    0.117348    0.0552213    0
-2.0659e+06    0.59728    0.582246    0.111257    0.0531443    0
-1.72649e+06    0.562464    0.548307    0.10328    0.0500465    0
-1.38708e+06    0.512169    0.499278    0.0928028    0.0455714    0
-1.04767e+06    0.440786    0.429691    0.078945    0.0392199    0
-708260    0.340323    0.331757    0.0604015    0.030281    0
-368849    0.199161    0.194148    0.0351655    0.0177207    0
-29437.3    -3.7857e-15    -3.69041e-15    -6.68989e-16    -3.36841e-16    0
