T,MTreeLO,MTreeNLO,MVirtNLO,MsinglepoleNLO,MdoublepoleNLO
-3.39706e+07    -3.7857e-15    -3.69041e-15    1.1304e-15    4.26478e-16    -1.87134e-17
-3.36312e+07    0.199161    0.194148    -0.0603262    -0.0236574    0.000984486
-3.32917e+07    0.340323    0.331757    -0.103916    -0.0421898    0.00168228
-3.29523e+07    0.440786    0.429691    -0.135224    -0.0566358    0.00217888
-3.26129e+07    0.512169    0.499278    -0.15755    -0.0678636    0.00253174
-3.22735e+07    0.562464    0.548307    -0.173281    -0.0765614    0.00278036
-3.19341e+07    0.59728    0.582246    -0.184138    -0.0832658    0.00295246
-3.15947e+07    0.620623    0.605002    -0.191372    -0.0883937    0.00306785
-3.12553e+07    0.635401    0.619408    -0.195901    -0.0922703    0.0031409
-3.09159e+07    0.64375    0.627546    -0.198404    -0.0951498    0.00318217
-3.05765e+07    0.64726    0.630968    -0.199385    -0.0972327    0.00319952
-3.0237e+07    0.647125    0.630837    -0.199227    -0.0986776    0.00319885
-2.98976e+07    0.644253    0.628037    -0.198218    -0.0996108    0.00318466
-2.95582e+07    0.639337    0.623245    -0.196578    -0.100134    0.00316035
-2.92188e+07    0.632909    0.616978    -0.194476    -0.100327    0.00312858
-2.88794e+07    0.625382    0.609641    -0.192043    -0.100258    0.00309137
-2.854e+07    0.617078    0.601546    -0.18938    -0.0999793    0.00305032
-2.82006e+07    0.608247    0.592937    -0.186565    -0.0995349    0.00300667
-2.78612e+07    0.599085    0.584006    -0.183659    -0.0989608    0.00296138
-2.75217e+07    0.589748    0.574904    -0.18071    -0.0982863    0.00291523
-2.71823e+07    0.580357    0.565749    -0.177754    -0.0975359    0.0028688
-2.68429e+07    0.571006    0.556633    -0.174821    -0.0967296    0.00282258
-2.65035e+07    0.56177    0.54763    -0.171933    -0.0958842    0.00277693
-2.61641e+07    0.552709    0.538797    -0.169108    -0.0950134    0.00273214
-2.58247e+07    0.543868    0.530179    -0.166358    -0.0941289    0.00268844
-2.54853e+07    0.535283    0.52181    -0.163695    -0.0932403    0.002646
-2.51459e+07    0.526982    0.513717    -0.161125    -0.0923555    0.00260496
-2.48065e+07    0.518984    0.505921    -0.158655    -0.0914813    0.00256543
-2.4467e+07    0.511307    0.498438    -0.156288    -0.0906234    0.00252748
-2.41276e+07    0.503962    0.491277    -0.154028    -0.0897863    0.00249117
-2.37882e+07    0.496957    0.484449    -0.151876    -0.088974    0.00245655
-2.34488e+07    0.490298    0.477957    -0.149833    -0.0881898    0.00242363
-2.31094e+07    0.483989    0.471807    -0.147901    -0.0874364    0.00239244
-2.277e+07    0.478031    0.465999    -0.146079    -0.0867161    0.00236299
-2.24306e+07    0.472426    0.460535    -0.144368    -0.0860308    0.00233528
-2.20912e+07    0.467173    0.455414    -0.142765    -0.0853821    0.00230932
-2.17518e+07    0.462272    0.450636    -0.141272    -0.0847714    0.00228509
-2.14123e+07    0.457721    0.4462    -0.139887    -0.0841995    0.00226259
-2.10729e+07    0.453518    0.442103    -0.138609    -0.0836676    0.00224182
-2.07335e+07    0.449662    0.438344    -0.137438    -0.0831763    0.00222276
-2.03941e+07    0.44615    0.43492    -0.136372    -0.0827263    0.0022054
-2.00547e+07    0.44298    0.43183    -0.13541    -0.082318    0.00218973
-1.97153e+07    0.44015    0.429072    -0.134552    -0.0819518    0.00217574
-1.93759e+07    0.437659    0.426643    -0.133798    -0.0816281    0.00216342
-1.90365e+07    0.435504    0.424542    -0.133145    -0.0813471    0.00215277
-1.86971e+07    0.433683    0.422767    -0.132594    -0.081109    0.00214377
-1.83576e+07    0.432195    0.421317    -0.132144    -0.080914    0.00213642
-1.80182e+07    0.43104    0.42019    -0.131794    -0.0807622    0.0021307
-1.76788e+07    0.430215    0.419386    -0.131545    -0.0806538    0.00212663
-1.73394e+07    0.42972    0.418904    -0.131395    -0.0805887    0.00212418
-1.7e+07    0.429555    0.418743    -0.131345    -0.080567    0.00212337
-1.66606e+07    0.42972    0.418904    -0.131395    -0.0805887    0.00212418
-1.63212e+07    0.430215    0.419386    -0.131545    -0.0806538    0.00212663
-1.59818e+07    0.43104    0.42019    -0.131794    -0.0807622    0.0021307
-1.56424e+07    0.432195    0.421317    -0.132144    -0.080914    0.00213642
-1.53029e+07    0.433683    0.422767    -0.132594    -0.081109    0.00214377
-1.49635e+07    0.435504    0.424542    -0.133145    -0.0813471    0.00215277
-1.46241e+07    0.437659    0.426643    -0.133798    -0.0816281    0.00216342
-1.42847e+07    0.44015    0.429072    -0.134552    -0.0819518    0.00217574
-1.39453e+07    0.44298    0.43183    -0.13541    -0.082318    0.00218973
-1.36059e+07    0.44615    0.43492    -0.136372    -0.0827263    0.0022054
-1.32665e+07    0.449662    0.438344    -0.137438    -0.0831763    0.00222276
-1.29271e+07    0.453518    0.442103    -0.138609    -0.0836676    0.00224182
-1.25877e+07    0.457721    0.4462    -0.139887    -0.0841995    0.00226259
-1.22482e+07    0.462272    0.450636    -0.141272    -0.0847714    0.00228509
-1.19088e+07    0.467173    0.455414    -0.142765    -0.0853821    0.00230932
-1.15694e+07    0.472426    0.460535    -0.144368    -0.0860308    0.00233528
-1.123e+07    0.478031    0.465999    -0.146079    -0.0867161    0.00236299
-1.08906e+07    0.483989    0.471807    -0.147901    -0.0874364    0.00239244
-1.05512e+07    0.490298    0.477957    -0.149833    -0.0881898    0.00242363
-1.02118e+07    0.496957    0.484449    -0.151876    -0.088974    0.00245655
-9.87236e+06    0.503962    0.491277    -0.154028    -0.0897863    0.00249117
-9.53295e+06    0.511307    0.498438    -0.156288    -0.0906234    0.00252748
-9.19354e+06    0.518984    0.505921    -0.158655    -0.0914813    0.00256543
-8.85413e+06    0.526982    0.513717    -0.161125    -0.0923555    0.00260496
-8.51472e+06    0.535283    0.52181    -0.163695    -0.0932403    0.002646
-8.17531e+06    0.543868    0.530179    -0.166358    -0.0941289    0.00268844
-7.8359e+06    0.552709    0.538797    -0.169108    -0.0950134    0.00273214
-7.49648e+06    0.56177    0.54763    -0.171933    -0.0958842    0.00277693
-7.15707e+06    0.571006    0.556633    -0.174821    -0.0967296    0.00282258
-6.81766e+06    0.580357    0.565749    -0.177754    -0.0975359    0.0028688
-6.47825e+06    0.589748    0.574904    -0.18071    -0.0982863    0.00291523
-6.13884e+06    0.599085    0.584006    -0.183659    -0.0989608    0.00296138
-5.79943e+06    0.608247    0.592937    -0.186565    -0.0995349    0.00300667
-5.46002e+06    0.617078    0.601546    -0.18938    -0.0999793    0.00305032
-5.12061e+06    0.625382    0.609641    -0.192043    -0.100258    0.00309137
-4.78119e+06    0.632909    0.616978    -0.194476    -0.100327    0.00312858
-4.44178e+06    0.639337    0.623245    -0.196578    -0.100134    0.00316035
-4.10237e+06    0.644253    0.628037    -0.198218    -0.0996108    0.00318466
-3.76296e+06    0.647125    0.630837    -0.199227    -0.0986776    0.00319885
-3.42355e+06    0.64726    0.630968    -0.199385    -0.0972327    0.00319952
-3.08414e+06    0.64375    0.627546    -0.198404    -0.0951498    0.00318217
-2.74473e+06    0.635401    0.619408    -0.195901    -0.0922703    0.0031409
-2.40532e+06    0.620623    0.605002    -0.191372    -0.0883937    0.00306785
-2.0659e+06    0.59728    0.582246    -0.184138    -0.0832658    0.00295246
-1.72649e+06    0.562464    0.548307    -0.173281    -0.0765614    0.00278036
-1.38708e+06    0.512169    0.499278    -0.15755    -0.0678636    0.00253174
-1.04767e+06    0.440786    0.429691    -0.135224    -0.0566358    0.00217888
-708260    0.340323    0.331757    -0.103916    -0.0421898    0.00168228
-368849    0.199161    0.194148    -0.0603262    -0.0236574    0.000984486
-29437.3    -3.7857e-15    -3.69041e-15    1.1304e-15    4.26478e-16    -1.87134e-17
