T,MTreeLO,MTreeNLO,MVirtNLO,MsinglepoleNLO,MdoublepoleNLO
-3.39706e+07    -3.7857e-15    -3.69041e-15    -1.15178e-15    -8.50623e-16    1.49707e-16
-3.36312e+07    0.199161    0.194148    0.057574    0.0418814    -0.00787589
-3.32917e+07    0.340323    0.331757    0.0932464    0.0704789    -0.0134582
-3.29523e+07    0.440786    0.429691    0.115519    0.0900384    -0.0174311
-3.26129e+07    0.512169    0.499278    0.129326    0.1033    -0.0202539
-3.22735e+07    0.562464    0.548307    0.13767    0.112097    -0.0222429
-3.19341e+07    0.59728    0.582246    0.142439    0.117686    -0.0236197
-3.15947e+07    0.620623    0.605002    0.144852    0.120947    -0.0245428
-3.12553e+07    0.635401    0.619408    0.145711    0.12251    -0.0251272
-3.09159e+07    0.64375    0.627546    0.145551    0.122828    -0.0254573
-3.05765e+07    0.64726    0.630968    0.144732    0.122236    -0.0255961
-3.0237e+07    0.647125    0.630837    0.1435    0.120979    -0.0255908
-2.98976e+07    0.644253    0.628037    0.142024    0.119243    -0.0254773
-2.95582e+07    0.639337    0.623245    0.140418    0.117166    -0.0252828
-2.92188e+07    0.632909    0.616978    0.13876    0.114854    -0.0250286
-2.88794e+07    0.625382    0.609641    0.137105    0.112386    -0.024731
-2.854e+07    0.617078    0.601546    0.135487    0.109824    -0.0244026
-2.82006e+07    0.608247    0.592937    0.133928    0.107214    -0.0240534
-2.78612e+07    0.599085    0.584006    0.132444    0.104593    -0.0236911
-2.75217e+07    0.589748    0.574904    0.131042    0.101987    -0.0233218
-2.71823e+07    0.580357    0.565749    0.129727    0.0994191    -0.0229504
-2.68429e+07    0.571006    0.556633    0.128498    0.0969038    -0.0225806
-2.65035e+07    0.56177    0.54763    0.127355    0.0944536    -0.0222154
-2.61641e+07    0.552709    0.538797    0.126295    0.0920776    -0.0218571
-2.58247e+07    0.543868    0.530179    0.125316    0.0897825    -0.0215075
-2.54853e+07    0.535283    0.52181    0.124412    0.0875731    -0.021168
-2.51459e+07    0.526982    0.513717    0.123579    0.0854528    -0.0208397
-2.48065e+07    0.518984    0.505921    0.122814    0.0834239    -0.0205234
-2.4467e+07    0.511307    0.498438    0.122112    0.0814878    -0.0202199
-2.41276e+07    0.503962    0.491277    0.121469    0.079645    -0.0199294
-2.37882e+07    0.496957    0.484449    0.120881    0.0778959    -0.0196524
-2.34488e+07    0.490298    0.477957    0.120344    0.0762402    -0.019389
-2.31094e+07    0.483989    0.471807    0.119854    0.0746773    -0.0191395
-2.277e+07    0.478031    0.465999    0.119409    0.0732066    -0.0189039
-2.24306e+07    0.472426    0.460535    0.119004    0.0718272    -0.0186823
-2.20912e+07    0.467173    0.455414    0.118637    0.0705381    -0.0184746
-2.17518e+07    0.462272    0.450636    0.118306    0.0693383    -0.0182807
-2.14123e+07    0.457721    0.4462    0.118007    0.0682267    -0.0181008
-2.10729e+07    0.453518    0.442103    0.117739    0.0672022    -0.0179346
-2.07335e+07    0.449662    0.438344    0.117499    0.0662639    -0.0177821
-2.03941e+07    0.44615    0.43492    0.117286    0.0654108    -0.0176432
-2.00547e+07    0.44298    0.43183    0.117099    0.0646419    -0.0175178
-1.97153e+07    0.44015    0.429072    0.116934    0.0639564    -0.0174059
-1.93759e+07    0.437659    0.426643    0.116792    0.0633534    -0.0173074
-1.90365e+07    0.435504    0.424542    0.116671    0.0628323    -0.0172222
-1.86971e+07    0.433683    0.422767    0.116571    0.0623925    -0.0171502
-1.83576e+07    0.432195    0.421317    0.116489    0.0620334    -0.0170913
-1.80182e+07    0.43104    0.42019    0.116427    0.0617545    -0.0170456
-1.76788e+07    0.430215    0.419386    0.116382    0.0615556    -0.017013
-1.73394e+07    0.42972    0.418904    0.116356    0.0614363    -0.0169935
-1.7e+07    0.429555    0.418743    0.116347    0.0613966    -0.0169869
-1.66606e+07    0.42972    0.418904    0.116356    0.0614363    -0.0169935
-1.63212e+07    0.430215    0.419386    0.116382    0.0615556    -0.017013
-1.59818e+07    0.43104    0.42019    0.116427    0.0617545    -0.0170456
-1.56424e+07    0.432195    0.421317    0.116489    0.0620334    -0.0170913
-1.53029e+07    0.433683    0.422767    0.116571    0.0623925    -0.0171502
-1.49635e+07    0.435504    0.424542    0.116671    0.0628323    -0.0172222
-1.46241e+07    0.437659    0.426643    0.116792    0.0633534    -0.0173074
-1.42847e+07    0.44015    0.429072    0.116934    0.0639564    -0.0174059
-1.39453e+07    0.44298    0.43183    0.117099    0.0646419    -0.0175178
-1.36059e+07    0.44615    0.43492    0.117286    0.0654108    -0.0176432
-1.32665e+07    0.449662    0.438344    0.117499    0.0662639    -0.0177821
-1.29271e+07    0.453518    0.442103    0.117739    0.0672022    -0.0179346
-1.25877e+07    0.457721    0.4462    0.118007    0.0682267    -0.0181008
-1.22482e+07    0.462272    0.450636    0.118306    0.0693383    -0.0182807
-1.19088e+07    0.467173    0.455414    0.118637    0.0705381    -0.0184746
-1.15694e+07    0.472426    0.460535    0.119004    0.0718272    -0.0186823
-1.123e+07    0.478031    0.465999    0.119409    0.0732066    -0.0189039
-1.08906e+07    0.483989    0.471807    0.119854    0.0746773    -0.0191395
-1.05512e+07    0.490298    0.477957    0.120344    0.0762402    -0.019389
-1.02118e+07    0.496957    0.484449    0.120881    0.0778959    -0.0196524
-9.87236e+06    0.503962    0.491277    0.121469    0.079645    -0.0199294
-9.53295e+06    0.511307    0.498438    0.122112    0.0814878    -0.0202199
-9.19354e+06    0.518984    0.505921    0.122814    0.0834239    -0.0205234
-8.85413e+06    0.526982    0.513717    0.123579    0.0854528    -0.0208397
-8.51472e+06    0.535283    0.52181    0.124412    0.0875731    -0.021168
-8.17531e+06    0.543868    0.530179    0.125316    0.0897825    -0.0215075
-7.8359e+06    0.552709    0.538797    0.126295    0.0920776    -0.0218571
-7.49648e+06    0.56177    0.54763    0.127355    0.0944536    -0.0222154
-7.15707e+06    0.571006    0.556633    0.128498    0.0969038    -0.0225806
-6.81766e+06    0.580357    0.565749    0.129727    0.0994191    -0.0229504
-6.47825e+06    0.589748    0.574904    0.131042    0.101987    -0.0233218
-6.13884e+06    0.599085    0.584006    0.132444    0.104593    -0.0236911
-5.79943e+06    0.608247    0.592937    0.133928    0.107214    -0.0240534
-5.46002e+06    0.617078    0.601546    0.135487    0.109824    -0.0244026
-5.12061e+06    0.625382    0.609641    0.137105    0.112386    -0.024731
-4.78119e+06    0.632909    0.616978    0.13876    0.114854    -0.0250286
-4.44178e+06    0.639337    0.623245    0.140418    0.117166    -0.0252828
-4.10237e+06    0.644253    0.628037    0.142024    0.119243    -0.0254773
-3.76296e+06    0.647125    0.630837    0.1435    0.120979    -0.0255908
-3.42355e+06    0.64726    0.630968    0.144732    0.122236    -0.0255961
-3.08414e+06    0.64375    0.627546    0.145551    0.122828    -0.0254573
-2.74473e+06    0.635401    0.619408    0.145711    0.12251    -0.0251272
-2.40532e+06    0.620623    0.605002    0.144852    0.120947    -0.0245428
-2.0659e+06    0.59728    0.582246    0.142439    0.117686    -0.0236197
-1.72649e+06    0.562464    0.548307    0.13767    0.112097    -0.0222429
-1.38708e+06    0.512169    0.499278    0.129326    0.1033    -0.0202539
-1.04767e+06    0.440786    0.429691    0.115519    0.0900384    -0.0174311
-708260    0.340323    0.331757    0.0932464    0.0704789    -0.0134582
-368849    0.199161    0.194148    0.057574    0.0418814    -0.00787589
-29437.3    -3.7857e-15    -3.69041e-15    -1.15263e-15    -8.51691e-16    1.49707e-16
