787289  438994  263155  167608  112015  77847.2  55886  41222.2  31144  23966  18753.3  14909  12001  9768.35  8035.15  6670.81  5586.13  4710.04  4003.17  3424.84  2947.31  2550.33  2218.11  1938.06  1701.23  1499.48  1326.84  1178.32  1049.86  938.49  841.438  756.511  682.131  616.655  558.835  507.622  462.13  421.637  385.448  353.049  
267621  171606  113728  78005  55213.8  40156.1  29907.3  22736.4  17599  13837.1  11031.7  8912.21  7274.66  5998.33  4992.62  4186.37  3536.99  3008.62  2575.05  2217.13  1917.86  1667.34  1457.33  1279.22  1127.6  997.749  886.393  789.835  706  632.944  569.154  513.034  463.714  419.98  381.331  347.119  316.615  289.375  264.995  243.147  
107831  76074.9  54314.6  39453.9  29240.5  22084.8  16975.3  13243.5  10480.3  8399.4  6809.49  5578.44  4610.69  3844.73  3230.62  2733.77  2329.87  1996.82  1721.66  1491.66  1298.75  1136.19  997.964  880.082  779.003  691.875  616.669  551.665  494.633  444.653  400.897  362.205  328.138  298.002  271.307  247.431  226.133  207.052  189.932  174.519  
49047.6  37090.2  27992.9  21281.1  16376.7  12762.1  10067.9  8035.96  6484.65  5287.23  4349.94  3609.9  3019.32  2544.15  2158.35  1842.48  1581.87  1365.42  1184.54  1033.59  904.222  794.544  701.12  620.986  551.88  492.04  440.105  394.753  355.056  320.187  289.461  262.337  238.303  216.906  197.838  180.804  165.55  151.899  139.515  128.415  
24238.9  19305.7  15221.4  12011.8  9537.97  7632.59  6161.14  5016.33  4118.9  3409.41  2843.49  2388.51  2019.59  1718.3  1470.56  1265.24  1094.1  950.712  829.899  727.296  640.07  565.386  501.427  446.089  398.02  356.009  319.478  287.47  259.337  234.574  212.628  193.345  176.014  160.667  146.847  134.476  123.353  113.258  104.246  96.1347  
12823.3  10623.2  8674.24  7060.25  5754.83  4711.68  3880.04  3215.14  2680.55  2249.45  1899.6  1613.19  1377.88  1182.95  1020.44  884.699  770.804  673.938  591.6  521.062  460.95  408.972  364.018  325.002  291.055  261.35  235.295  212.461  192.225  174.3  158.31  144.168  131.546  120.264  110.15  101.045  92.8806  85.517  78.852  72.8055  
7136.46  6102.81  5125.81  4278.11  3565.21  2977.42  2494.52  2099.11  1774.69  1507.7  1285.48  1102.04  949.97  822.213  714.891  624.315  547.137  481.355  424.983  376.454  334.525  298.166  266.526  238.903  214.706  193.404  174.663  158.115  143.451  130.423  118.819  108.458  99.1856  90.869  83.4356  76.6982  70.6077  65.1106  60.1693  55.6497  
4152.51  3635.73  3126.34  2665.36  2265.26  1924.28  1638.58  1397.28  1196.77  1028.13  886.579  767.543  667.033  581.858  509.412  447.586  394.593  349.029  309.662  275.581  245.936  220.073  197.439  177.629  160.178  144.784  131.16  119.102  108.347  98.7397  90.1908  82.5347  75.6372  69.433  63.8422  58.7803  54.2138  50.0561  46.2998  42.8896  
2501.8  2233.9  1958.79  1700.09  1469.01  1267.08  1092.88  944.112  817.261  709.458  617.471  539.195  472.174  414.84  365.622  323.177  286.522  254.774  227.232  203.108  182.034  163.555  147.302  132.969  120.406  109.154  99.1582  90.1984  82.2566  75.1567  68.7897  63.0707  57.922  53.2838  49.0866  45.2858  41.84  38.7068  35.8589  33.2634  
1549.36  1405.56  1252.66  1104.67  968.301  846.27  738.953  645.493  564.483  494.575  434.154  382.12  337.12  298.18  264.419  235.086  209.539  187.218  167.705  150.572  135.501  122.183  110.422  100.015  90.7737  82.5432  75.203  68.6319  62.7521  57.4746  52.7328  48.4581  44.594  41.0972  37.9311  35.0572  32.449  30.0722  27.9022  25.9206  
984.871  905.243  817.908  730.931  648.886  573.877  506.578  446.942  394.438  348.529  308.408  273.376  242.831  216.109  192.758  172.3  154.33  138.542  124.638  112.371  101.524  91.8998  83.3412  75.7285  68.9312  62.8627  57.4274  52.5485  48.1546  44.2072  40.6389  37.4166  34.5008  31.8537  29.4721  27.2807  25.2875  23.4734  21.812  20.2887  
639.789  594.565  543.491  491.392  441.187  394.252  351.469  312.964  278.576  247.794  220.879  197.123  176.325  157.848  141.563  127.162  114.448  103.216  93.2432  84.3864  76.5116  69.4909  63.2306  57.6232  52.6053  48.1097  44.0622  40.4205  37.1372  34.1687  31.4795  29.0434  26.8325  24.8197  22.9907  21.3201  19.7944  18.3986  17.1211  15.9511  
422.918  396.494  366.068  334.356  303.13  273.345  245.928  220.787  198.067  177.645  159.415  143.15  128.685  115.828  104.404  94.2473  85.2165  77.1686  69.9965  63.5863  57.8552  52.7276  48.1382  44.0093  40.2899  36.9372  33.9196  31.1887  28.7185  26.4774  24.4466  22.5961  20.9152  19.3812  17.9813  16.7085  15.5391  14.4661  13.4808  12.5774  
284.447  268.745  250.232  230.558  210.845  191.823  173.917  157.273  142.096  128.305  115.767  104.572  94.5099  85.4952  77.452  70.2484  63.7833  58.0207  52.8177  48.1505  43.9565  40.1856  36.7819  33.7176  30.9531  28.4595  26.1916  24.1384  22.2743  20.5795  19.0377  17.6304  16.347  15.1729  14.0998  13.1173  12.2164  11.3889  10.6279  9.92777  
193.913  184.369  172.92  160.564  147.984  135.64  123.865  112.818  102.62  93.2447  84.6761  76.6962  69.8977  63.5388  57.5255  52.3932  47.764  43.5917  39.8293  36.4358  33.3768  30.6106  28.1063  25.8359  23.7115  21.8541  20.165  18.6277  17.2274  15.9507  14.7851  13.7416  12.7492  11.8544  11.035  10.2827  9.59096  8.95456  8.36825  7.82525  
133.927  128.05  120.895  113.031  104.898  96.8092  88.9839  81.5714  74.6244  68.186  62.2637  56.8362  51.8831  47.3848  43.2994  39.5872  36.2257  33.1783  30.4132  27.9099  25.6392  23.5813  21.7086  20.0083  18.4604  17.0505  15.7657  14.5936  13.523  12.5441  11.6479  10.8267  10.073  9.38167  8.74607  8.16149  7.62298  7.12648  6.66777  6.24455  
93.4534  89.7843  85.2624  80.1968  74.8905  69.5453  64.3142  59.3051  54.5588  50.0997  45.9825  42.1801  38.6805  35.4818  32.553  29.8859  27.438  25.2205  23.1958  21.3569  19.6774  18.1458  16.751  15.4751  14.326  13.2629  12.2903  11.3997  10.5849  9.83716  9.15078  8.51978  7.94068  7.40724  6.91602  6.46319  6.04475  5.65856  5.30152  4.97123  
65.9472  63.6087  60.684  57.3785  53.8761  50.3142  46.7825  43.3585  40.0909  37.0106  34.122  31.44  28.9539  26.6672  24.5798  22.6416  20.8632  19.2364  17.7478  16.3773  15.1309  13.9879  12.9444  11.9891  11.114  10.3111  9.57325  8.89732  8.27748  7.70701  7.17872  6.69719  6.2528  5.84198  5.46272  5.11223  4.78651  4.48677  4.20911  3.95142  
46.9423  45.436  43.5323  41.3483  39.0161  36.6173  34.2246  31.8688  29.6193  27.4761  25.4452  23.5379  21.7667  20.1218  18.5985  17.1912  15.8929  14.7017  13.6042  12.5957  11.6709  10.8202  10.0375  9.31935  8.65831  8.0503  7.49069  6.97567  6.50122  6.06353  5.66017  5.28783  4.94391  4.62572  4.33164  4.05887  3.80665  3.57247  3.35565  3.15371  
33.6818  32.6989  31.4479  30.0064  28.4432  26.8  25.1594  23.5413  21.9789  20.4688  19.0334  17.6791  16.4081  15.2222  14.1179  13.0929  12.1432  11.265  10.4534  9.70448  9.01346  8.37678  7.78927  7.24743  6.74779  6.2871  5.86193  5.46925  5.10648  4.77128  4.46119  4.17449  3.90897  3.66299  3.43496  3.22362  3.0271  2.8447  2.67554  2.51765  
24.3132  23.6679  22.8376  21.8725  20.8163  19.7082  18.5805  17.4584  16.3577  15.2946  14.2763  13.3093  12.3968  11.5399  10.7382  9.98943  9.29287  8.64477  8.04433  7.4876  6.97141  6.49414  6.05263  5.6434  5.26536  4.9156  4.59182  4.29241  4.0148  3.75761  3.51921  3.29793  3.09282  2.90239  2.72529  2.56085  2.40793  2.26576  2.13322  2.00972  
17.6773  17.2484  16.693  16.0414  15.3223  14.5615  13.7811  12.9977  12.2249  11.4724  10.7475  10.0548  9.39708  8.77568  8.18777  7.63951  7.12961  6.65102  6.20531  5.79036  5.40463  5.04618  4.71337  4.40434  4.11758  3.85149  3.60449  3.3752  3.16201  2.96423  2.78051  2.61003  2.45135  2.29011  2.15345  2.02618  1.90762  1.79708  1.69399  1.59776  
12.9194  12.632  12.2583  11.8156  11.3232  10.7985  10.2561  9.70732  9.16247  8.62808  8.11078  7.61264  7.13699  6.68576  6.25848  5.85607  5.47779  5.1234  4.79183  4.48257  4.19373  3.92426  3.67262  3.43908  3.22137  3.0188  2.8303  2.65492  2.49132  2.33926  2.19767  2.06575  1.94282  1.82823  1.72139  1.62171  1.52872  1.44183  1.36064  1.28474  
9.49573  9.30149  9.04668  8.74374  8.40451  8.04028  7.66136  7.27505  6.88942  6.5089  6.13748  5.77826  5.43341  5.10386  4.79056  4.49555  4.21617  3.95345  3.70656  3.47353  3.2579  3.05476  2.86561  2.6886  2.52307  2.36892  2.22491  2.09041  1.96492  1.84784  1.73858  1.63647  1.54127  1.45235  1.36913  1.29143  1.21879  1.15074  1.08715  1.02777  
7.01683  6.88458  6.71073  6.50203  6.26638  6.01231  5.74572  5.47286  5.19866  4.92626  4.65905  4.39956  4.14874  3.90812  3.67841  3.45908  3.25259  3.05781  2.87334  2.69967  2.53696  2.38331  2.24023  2.10423  1.9784  1.86093  1.7518  1.64831  1.55197  1.46157  1.37712  1.2982  1.2245  1.15507  1.09049  1.03003  0.973213  0.91989  0.869921  0.823133  
5.19679  5.10615  4.98611  4.84222  4.67868  4.50077  4.31322  4.11993  3.92431  3.72915  3.5365  3.3484  3.16587  2.99021  2.82161  2.66043  2.50743  2.36179  2.22417  2.09532  1.97279  1.85797  1.74938  1.64737  1.55152  1.46163  1.37841  1.29926  1.22511  1.15552  1.09031  1.02782  0.970621  0.916953  0.86662  0.81941  0.775131  0.733546  0.694521  0.657861  
3.86692  3.8045  3.72143  3.62116  3.50651  3.38297  3.25025  3.1127  2.97225  2.83237  2.69325  2.55661  2.42358  2.29461  2.1704  2.05134  1.93746  1.82916  1.72631  1.62879  1.53659  1.44948  1.36741  1.29347  1.22036  1.14858  1.08405  1.02334  0.96635  0.912817  0.862512  0.815313  0.770902  0.729149  0.689953  0.653155  0.618552  0.585996  0.555432  0.526663  
2.89033  2.84692  2.78902  2.71873  2.63821  2.54977  2.45548  2.35723  2.25684  2.15561  2.05478  1.95524  1.85833  1.7635  1.67181  1.58362  1.49901  1.41823  1.34115  1.26792  1.19841  1.13237  1.07002  1.01122  0.95564  0.903189  0.853767  0.807319  0.763451  0.722434  0.683543  0.646923  0.612448  0.580003  0.549502  0.52076  0.493697  0.468221  0.444235  0.421629  
2.16481  2.13514  2.0945  2.045  1.98864  1.92592  1.85875  1.78841  1.71614  1.64292  1.56969  1.49703  1.42565  1.35624  1.28855  1.22312  1.16007  1.09994  1.04229  0.987051  0.934791  0.885141  0.837746  0.793266  0.750848  0.710725  0.672823  0.637083  0.603301  0.571415  0.541302  0.5129  0.486156  0.460953  0.437188  0.414786  0.393653  0.373724  0.354925  0.337189  
1.62556  1.60441  1.57588  1.54125  1.5011  1.45652  1.40842  1.35802  1.30591  1.25294  1.19968  1.14663  1.09428  1.04301  0.992985  0.944516  0.897745  0.852612  0.809415  0.768115  0.72859  0.691003  0.655283  0.621187  0.588908  0.558302  0.529333  0.501896  0.475915  0.451383  0.428188  0.406273  0.385581  0.366014  0.347552  0.330123  0.313643  0.298067  0.283366  0.269459  
1.22318  1.20825  1.18817  1.16332  1.13491  1.10312  1.06881  1.03274  0.995112  0.956701  0.917908  0.87916  0.84078  0.802981  0.765612  0.729655  0.694781  0.661123  0.628746  0.597346  0.567884  0.539752  0.512661  0.486746  0.462177  0.438762  0.416645  0.395583  0.375628  0.356713  0.338792  0.321851  0.305797  0.290568  0.276205  0.262617  0.249752  0.23759  0.22609  0.215198  
0.923112  0.912568  0.898308  0.880807  0.860447  0.837717  0.813045  0.786891  0.759658  0.731729  0.70347  0.675076  0.64683  0.618932  0.591545  0.564785  0.538776  0.513598  0.489284  0.465883  0.443416  0.421953  0.401351  0.381629  0.362954  0.345133  0.328009  0.311873  0.296522  0.281951  0.268124  0.255009  0.242572  0.230779  0.219606  0.209117  0.19908  0.189564  0.180551  0.172005  
0.697721  0.690244  0.680127  0.667636  0.653058  0.636735  0.618979  0.600081  0.580332  0.560001  0.539314  0.51849  0.497721  0.47711  0.456807  0.436944  0.417543  0.39871  0.38046  0.362896  0.345947  0.329658  0.314038  0.299088  0.284808  0.271164  0.258151  0.245757  0.233957  0.222724  0.212068  0.201938  0.192304  0.183157  0.174471  0.166222  0.158394  0.150972  0.143931  0.137252  
0.528465  0.523143  0.51591  0.507015  0.496616  0.484877  0.472048  0.458365  0.444007  0.429173  0.414033  0.398737  0.383375  0.368132  0.353002  0.33821  0.323728  0.309626  0.295923  0.282591  0.269801  0.257488  0.245639  0.234331  0.223441  0.213021  0.203071  0.19357  0.184491  0.175828  0.167593  0.159751  0.152302  0.14522  0.13844  0.132037  0.125951  0.120163  0.114668  0.109481  
0.400688  0.396889  0.391736  0.385334  0.377956  0.369489  0.36022  0.350281  0.339831  0.328995  0.317905  0.306677  0.295385  0.2841  0.272914  0.261802  0.251009  0.240449  0.230171  0.220191  0.210543  0.201215  0.192232  0.183589  0.175288  0.167331  0.159711  0.152421  0.145454  0.138803  0.132454  0.1264  0.120629  0.115132  0.1099  0.104914  0.10017  0.0956553  0.0913575  0.0872731  
0.304291  0.30156  0.297857  0.293256  0.287857  0.281734  0.275018  0.267808  0.260221  0.2523  0.244163  0.235874  0.227535  0.219181  0.210886  0.202687  0.19463  0.186732  0.179015  0.1715  0.164211  0.157154  0.15033  0.143777  0.137452  0.131378  0.125549  0.119961  0.114608  0.109492  0.104687  0.100004  0.0955377  0.0912732  0.0872058  0.083399  0.0796354  0.0761193  0.0727693  0.0695709  
0.231372  0.229417  0.226754  0.223446  0.219541  0.215115  0.210238  0.204982  0.199424  0.193626  0.187652  0.181559  0.1754  0.169224  0.162992  0.156885  0.150908  0.14498  0.139183  0.133518  0.128017  0.122685  0.117519  0.11253  0.107717  0.103083  0.0986266  0.0943441  0.0902397  0.0863064  0.0825411  0.0789345  0.0755289  0.0722342  0.0690845  0.0660766  0.0632041  0.060437  0.0578231  0.055343  
0.175787  0.174379  0.172463  0.170073  0.167263  0.164056  0.160521  0.156698  0.152642  0.148399  0.143996  0.139514  0.134968  0.130392  0.12582  0.121275  0.116776  0.112336  0.107992  0.103751  0.0996084  0.0955809  0.0916722  0.0878888  0.0842326  0.0806968  0.0773011  0.0740316  0.0708892  0.0678715  0.0649772  0.0622047  0.0595473  0.0570033  0.0545699  0.0522427  0.0500178  0.0478884  0.0458576  0.0439163  
0.13387  0.132857  0.13147  0.129741  0.127697  0.125369  0.122797  0.120008  0.117037  0.11393  0.110711  0.107406  0.104046  0.100661  0.0972609  0.0938776  0.0905151  0.087202  0.0839369  0.0807433  0.0776088  0.0745721  0.0716137  0.0687435  0.0659585  0.0632691  0.060673  0.0581736  0.0557638  0.0534466  0.0512182  0.0490794  0.0470263  0.0450601  0.0431762  0.041372  0.0396443  0.0379913  0.0364104  0.0348989  
0.101948  0.101216  0.100213  0.098961  0.097478  0.0958717  0.0939936  0.0919567  0.0897833  0.0874959  0.0851231  0.0826835  0.0801973  0.077683  0.0751559  0.0726309  0.0700637  0.0675824  0.0651355  0.0627315  0.0603775  0.0580893  0.0558487  0.0536707  0.0515574  0.049512  0.0475308  0.0456193  0.0437744  0.0419987  0.0402897  0.0386444  0.0370662  0.0355488  0.0340939  0.0326978  0.0313785  0.0300954  0.0288657  0.0276889  
