1.12271e+06  635574  387572  251063  170699  120658  88064.1  65983.7  50561  39520.9  31379.9  25284.4  20652.5  17032.2  14187  11923.2  10106.6  8620.78  7402.35  6400.73  5564.1  4862.64  4274.95  3766.54  3335.91  2963.93  2644.74  2367.42  2126.33  1915.5  1730.42  1567.37  1423.27  1295.52  1181.86  1080.39  989.751  908.478  835.426  769.611  
407536  264859  178265  124282  89435.2  66132.7  50049.4  38651.8  30377.8  24245.2  19607.8  16053.2  13283.1  11102.6  9355.02  7944.13  6785.98  5830.47  5046.03  4397.42  3845.26  3378.85  2977.87  2638.52  2346.71  2094.45  1875.61  1684.93  1518.13  1371.69  1242.66  1128.59  1027.33  937.213  856.816  784.877  720.387  662.414  610.178  563.034  
178003  126935  91658.1  67630.3  50900.1  39024.3  30456.5  24129.5  19376.8  15757.2  12954.6  10755.3  9011  7609.68  6474.98  5547.85  4780.98  4144.09  3613.04  3164.18  2783.56  2459.79  2182.02  1942.24  1735.9  1554.31  1399.27  1261.15  1138.87  1031.93  937.309  853.34  778.608  711.887  652.203  598.519  550.573  507.038  467.841  432.374  
88286.1  67223.3  51267.2  39502.5  30805  24350.5  19486.4  15778  12913.5  10674.4  8902.39  7486.28  6343.02  5412.44  4648.13  4013.91  3486.13  3042.74  2667.89  2349.63  2077.53  1844.2  1642.99  1468.84  1312.52  1180.62  1068.2  965.908  875.592  795.634  724.621  661.372  604.887  554.232  508.814  467.993  431.166  397.945  367.902  340.535  
47865.5  38260.2  30404.9  24247.3  19478.4  15783.1  12906.6  10647.7  8857.5  7428.41  6276.35  5339.27  4571.11  3936.49  3407.9  2966.49  2593.46  2278.23  2009.99  1780.36  1582.35  1411.13  1262.5  1134.47  1021.47  921.865  834.005  758.21  689.215  627.909  573.18  522.792  479.219  440.067  404.845  373.069  344.347  318.327  294.703  273.232  
27811.2  23055.4  18938.1  15536.8  12791.2  10596.8  8826.48  7401.05  6246.42  5305.06  4532.85  3895.29  3365.53  2922.2  2549.9  2234.54  1966.39  1737.16  1540.47  1371.13  1224.14  1096.24  984.882  886.931  801.072  725.431  658.367  598.74  545.778  498.564  456.234  418.397  384.355  353.697  326.11  301.07  278.379  257.771  239.025  221.946  
16990.2  14505  12226.3  10267.8  8637.48  7273.28  6150.92  5231.86  4471  3844.71  3321.3  2879.77  2509.25  2195.84  1929.2  1701.7  1506.29  1338.18  1192.67  1066.24  956.038  859.747  775.336  700.721  634.956  576.631  524.81  478.683  437.623  400.766  367.76  337.976  311.11  286.864  264.993  245.084  226.998  210.552  195.537  181.855  
10852.7  9482.41  8169.49  6995.32  5981.44  5122.22  4396.38  3785.97  3272.48  2839.89  2474.14  2163.88  1899.7  1673.89  1480.07  1313.08  1168.7  1043.45  934.408  839.038  755.446  681.956  617.125  559.794  508.814  463.678  423.182  386.979  354.557  325.913  299.193  275.712  254.295  234.901  217.326  201.332  186.761  173.443  161.328  150.23  
7161.61  6373.56  5587.24  4863.72  4224.26  3666.85  3187.23  2775.64  2423.53  2121.96  1865.13  1643.97  1453.29  1288.76  1146.16  1022.43  914.705  820.554  737.941  665.322  601.298  544.676  494.441  449.863  410.13  374.685  342.876  314.278  288.614  265.471  244.576  225.766  208.612  193.095  178.877  165.981  154.301  143.545  133.671  124.647  
4845.77  4381.19  3901.81  3446.25  3031.7  2663.06  2339.7  2057.92  1813.36  1601.57  1417.73  1258.25  1119.58  998.786  893.295  800.842  719.796  648.507  586.197  530.029  480.774  437.035  397.999  363.205  332.044  304.097  278.877  256.279  235.947  217.531  200.765  185.611  171.817  159.3  147.859  137.427  127.886  119.165  111.14  103.82  
3358.29  3075.22  2774.79  2481.21  2208.15  1960.61  1739.66  1543.93  1371.68  1220.52  1087.99  971.746  869.828  780.263  701.423  631.885  570.503  516.111  467.839  424.959  386.735  352.654  322.15  294.819  270.218  248.12  228.158  210.122  193.803  179.003  165.551  153.329  142.212  132.085  122.805  114.33  106.533  99.4304  92.8877  86.8449  
2373.06  2197.13  2004.61  1812.19  1629.44  1460.2  1307.6  1169.97  1047.17  938.159  841.625  756.208  680.568  613.532  554.141  501.444  454.608  412.956  375.726  342.391  312.657  285.966  261.999  240.399  220.833  203.224  187.294  172.879  159.777  147.839  137.003  127.099  118.07  109.813  102.288  95.3915  89.0798  83.2227  77.8247  72.7998  
1701.83  1589.83  1464.54  1336.67  1212.72  1096.55  989.422  891.947  803.984  724.868  654.321  591.224  534.781  484.584  439.78  399.702  363.987  331.774  302.935  277.062  253.609  232.638  213.795  196.666  181.165  167.134  154.397  142.777  132.256  122.632  113.844  105.81  98.4978  91.7505  85.5347  79.8475  74.6119  69.7841  65.3428  61.2381  
1238.84  1166.57  1083.02  996.377  911.379  830.933  754.661  684.895  621.167  563.445  511.442  464.475  422.198  384.2  350.062  319.365  291.863  266.987  244.556  224.325  206.048  189.517  174.529  160.939  148.612  137.401  127.193  117.891  109.394  101.62  94.5091  87.988  82.007  76.5142  71.4618  66.7944  62.5029  58.5389  54.8819  51.4906  
910.446  862.934  807.2  748.62  689.752  632.703  578.897  528.849  482.485  440.093  401.489  366.385  333.787  305.046  279.055  255.527  234.25  214.994  197.567  181.766  167.448  154.431  142.586  131.823  122.002  113.215  105.015  97.521  90.795  84.4943  78.7118  73.4025  68.517  64.0188  59.8702  56.0449  52.5111  49.2435  46.2194  43.4083  
679.017  647.374  609.698  569.108  527.8  487.226  448.426  411.867  377.83  346.354  317.442  290.969  266.805  244.791  224.771  206.543  189.965  174.895  161.194  148.72  137.343  126.975  117.522  108.877  100.979  93.7494  87.1268  81.0605  75.4869  70.3669  65.6578  61.3215  57.3206  53.6334  50.231  47.0735  44.1664  41.4627  38.9611  36.6362  
510.142  488.822  462.96  434.729  405.539  376.59  348.51  321.863  296.72  273.285  251.572  231.568  213.157  196.326  180.766  166.772  153.878  142.088  131.317  121.476  112.469  104.225  96.6734  89.7625  83.4202  77.6023  72.2531  67.3419  62.8223  58.6548  54.8159  51.2728  47.9995  44.9632  42.1633  39.5714  37.1658  34.9378  32.8669  30.9382  
386.004  371.114  353.524  333.685  312.991  292.167  271.78  252.182  233.495  216.066  199.753  184.61  170.584  157.653  145.761  134.821  124.765  115.539  107.088  99.3142  92.1784  85.6293  79.6119  74.0766  68.9831  64.2953  59.9756  55.9845  52.3103  48.9149  45.7809  42.8851  40.2039  37.7168  35.4142  33.2746  31.2913  29.4481  27.7339  26.1378  
294.45  284.421  271.893  257.744  243.029  227.909  212.984  198.573  184.77  171.683  159.344  147.774  137.098  127.14  117.925  109.431  101.58  94.3015  87.6297  81.4717  75.794  70.5621  65.7377  61.2817  57.1792  53.384  49.8974  46.6659  43.675  40.9027  38.3493  35.9755  33.7702  31.7228  29.8212  28.0558  26.4135  24.8847  23.4584  22.1266  
225.682  218.68  209.913  199.947  189.42  178.444  167.497  156.736  146.402  136.537  127.196  118.409  110.169  102.488  95.3674  88.7368  82.5878  76.8826  71.6116  66.735  62.2263  58.0573  54.2003  50.6323  47.3327  44.2769  41.4459  38.8252  36.3958  34.1402  32.0483  30.1055  28.2995  26.6183  25.0557  23.6007  22.2448  20.9806  19.8009  18.6995  
174.175  169.251  163.018  155.85  148.138  140.128  132.058  124.081  116.341  108.894  101.798  95.0782  88.7535  82.8249  77.2773  72.1023  67.281  62.7966  58.6338  54.7673  51.1778  47.8461  44.7563  41.8852  39.2259  36.7596  34.4682  32.3393  30.366  28.5306  26.8197  25.2276  23.7463  22.3651  21.0761  19.8751  18.7547  17.7089  16.7296  15.8146  
135.082  131.592  127.129  121.962  116.346  110.465  104.494  98.5495  92.7263  87.0878  81.6859  76.5389  71.6569  67.0613  62.7436  58.6957  54.909  51.3758  48.0747  45.0026  42.1434  39.4804  37.0019  34.6979  32.5522  30.555  28.6966  26.966  25.3543  23.852  22.4513  21.1463  19.9296  18.7937  17.7319  16.7399  15.8126  14.9453  14.1343  13.3744  
105.173  102.689  99.4825  95.7377  91.6258  87.2927  82.8556  78.4071  74.0183  69.7416  65.6173  61.6671  57.9093  54.3441  50.9754  47.8097  44.8309  42.0426  39.4311  36.9926  34.7138  32.5815  30.5901  28.7347  27.0038  25.3886  23.8831  22.4782  21.164  19.9348  18.7893  17.7213  16.7236  15.7888  14.9144  14.0965  13.3316  12.6137  11.9407  11.3087  
82.244  80.4563  78.1341  75.4051  72.3875  69.1762  65.8629  62.5305  59.2264  55.9728  52.8174  49.7809  46.8694  44.1021  41.4678  38.9895  36.6427  34.4328  32.3649  30.4212  28.5972  26.8933  25.2979  23.7943  22.4005  21.095  19.8736  18.7311  17.6693  16.6663  15.7301  14.8517  14.0315  13.2625  12.5417  11.8664  11.2332  10.6388  10.0811  9.55736  
64.5683  63.2753  61.5895  59.5912  57.3625  54.9785  52.5037  49.9875  47.4757  44.9957  42.5756  40.2352  37.9828  35.8282  33.7792  31.8473  30.0133  28.2418  26.6231  25.0744  23.5493  22.2431  20.9627  19.7578  18.6278  17.5682  16.5752  15.644  14.7713  13.9529  13.1855  12.4657  11.7905  11.1575  10.564  10.0055  9.48141  8.98946  8.52609  8.09033  
50.7622  49.8131  48.5921  47.1192  45.4686  43.696  41.8382  39.9452  38.0361  36.1474  34.2933  32.49  30.7558  29.0836  27.4808  25.953  24.5012  23.1248  21.8221  20.5873  19.4444  18.3345  17.306  16.3384  15.4285  14.5733  13.7697  13.0149  12.3055  11.639  11.013  10.4246  9.87184  9.35225  8.863  8.40344  7.97096  7.56427  7.18115  6.82051  
40.0698  39.3835  38.477  37.3928  36.1698  34.8422  33.4626  32.027  30.5712  29.1311  27.7047  26.3124  24.9599  23.6543  22.3997  21.2  20.0533  18.964  17.9326  16.9555  16.0292  15.1526  14.3256  13.5452  12.8099  12.1182  11.4662  10.851  10.2733  9.72874  9.21646  8.73397  8.27965  7.85246  7.44926  7.06975  6.71248  6.37575  6.05958  5.75942  
31.7366  31.2327  30.553  29.7487  28.8354  27.8405  26.7969  25.7237  24.6181  23.5096  22.4125  21.3334  20.293  19.2731  18.2909  17.3488  16.445  15.5812  14.7583  13.9772  13.2348  12.5328  11.8673  11.2378  10.6441  10.0823  9.55264  9.05356  8.58186  8.13671  7.71766  7.32218  6.94901  6.59769  6.26589  5.95288  5.65755  5.3778  5.1156  4.8672  
25.1804  24.8084  24.3136  23.713  23.0293  22.2821  21.4857  20.6607  19.8147  18.9666  18.1202  17.2836  16.4661  15.6699  14.8993  14.1577  13.447  12.7628  12.111  11.4895  10.8986  10.3363  9.80239  9.29682  8.81685  8.36425  7.93507  7.5301  7.14691  6.7848  6.44233  6.11917  5.8139  5.5259  5.25341  4.99593  4.75265  4.52273  4.30518  4.09971  
19.999  19.7236  19.3561  18.9082  18.3962  17.8334  17.2316  16.6035  15.9597  15.3071  14.6563  14.0101  13.3755  12.7539  12.1507  11.5671  11.0048  10.4654  9.94886  9.45248  8.98049  8.52971  8.10112  7.69429  7.30789  6.9419  6.59316  6.26435  5.95292  5.65813  5.3803  5.11625  4.86614  4.6295  4.40518  4.19368  3.99355  3.80364  3.62395  3.45371  
15.9142  15.7095  15.4355  15.1007  14.7162  14.2912  13.8371  13.3568  12.8635  12.3626  11.86  11.3579  10.8648  10.3776  9.90682  9.44844  9.00337  8.57514  8.16427  7.7707  7.25899  6.90633  6.57015  6.24987  5.94373  5.65532  5.37917  5.11866  4.87055  4.63518  4.41219  4.20053  3.99988  3.80969  3.62941  3.4586  3.2967  3.14324  2.99778  2.85988  
12.6981  12.5449  12.3398  12.0888  11.7995  11.4774  11.1304  10.7645  10.3864  9.99977  9.61068  9.22248  8.83773  8.45871  8.08821  7.72757  7.37679  7.03823  6.71211  6.39823  6.09854  5.8102  5.53454  5.27141  5.02031  4.78145  4.55354  4.33689  4.13094  3.93545  3.74972  3.57265  3.40506  3.2459  3.09492  2.95182  2.81582  2.68668  2.5642  2.44795  
10.14  10.0257  9.87169  9.68207  9.46279  9.21868  8.95446  8.67508  8.38481  8.08766  7.78684  7.48515  7.18544  6.88887  6.59818  6.31407  6.03766  5.76965  5.51032  5.26069  5.02061  4.79075  4.56876  4.35732  4.15504  3.96214  3.77804  3.60278  3.4356  3.27643  3.12497  2.98094  2.84403  2.71392  2.59009  2.47246  2.36079  2.25452  2.15355  2.05759  
8.10603  8.0202  7.90469  7.76288  7.597  7.41142  7.20884  6.99499  6.77237  6.545  6.31211  6.07773  5.84398  5.61213  5.3835  5.15975  4.94194  4.72989  4.52331  4.32511  4.13358  3.9487  3.77186  3.60211  3.4391  3.28328  3.13454  2.99122  2.85527  2.72701  2.60396  2.48644  2.37452  2.26791  2.16643  2.06988  1.97796  1.89053  1.80724  1.72809  
6.48578  6.42121  6.33398  6.22622  6.1059  5.96465  5.80851  5.64481  5.47328  5.29642  5.11606  4.93397  4.75208  4.57032  4.39133  4.21533  4.04324  3.87523  3.71179  3.55368  3.40083  3.2534  3.11217  2.97571  2.84434  2.71889  2.59861  2.48412  2.37414  2.26913  2.1687  2.07286  1.98139  1.89439  1.81129  1.73207  1.65637  1.58435  1.51606  1.45077  
5.19951  5.15091  5.085  5.00305  4.90749  4.79981  4.68205  4.55621  4.42393  4.28739  4.14729  4.00597  3.86388  3.72265  3.582  3.44377  3.30778  3.17486  3.04494  2.91917  2.79735  2.67936  2.56596  2.4565  2.35102  2.2496  2.15255  2.05951  1.97036  1.88493  1.80333  1.72534  1.65082  1.57967  1.5128  1.4479  1.38596  1.32686  1.27053  1.21678  
4.17126  4.13437  4.0843  4.02215  3.94938  3.86715  3.77561  3.67928  3.57824  3.47212  3.3635  3.25325  3.14233  3.03093  2.92068  2.81214  2.70421  2.59907  2.4964  2.39642  2.29945  2.20509  2.11503  2.02635  1.94159  1.86006  1.78207  1.70684  1.63526  1.56602  1.49971  1.43622  1.37562  1.31751  1.26194  1.20884  1.15819  1.10971  1.0634  1.01914  
3.34293  3.31498  3.27699  3.23014  3.17459  3.11166  3.04259  2.96833  2.88987  2.80817  2.7241  2.63847  2.55118  2.46442  2.37799  2.29311  2.20858  2.12552  2.04416  1.96486  1.88751  1.81242  1.73967  1.66931  1.60103  1.53554  1.47226  1.41157  1.35324  1.29726  1.24352  1.192  1.14266  1.09539  1.0501  1.00676  0.965293  0.925584  0.88765  0.851379  
2.68693  2.66568  2.63674  2.59986  2.55704  2.5089  2.45689  2.3985  2.33918  2.27622  2.21087  2.14413  2.07654  2.00858  1.93997  1.87251  1.8058  1.74007  1.67555  1.6125  1.55108  1.49111  1.43291  1.37649  1.32188  1.26912  1.21821  1.16934  1.12212  1.07669  1.03304  0.99113  0.950777  0.912199  0.875212  0.839769  0.805828  0.773295  0.742159  0.712313  
2.15539  2.13924  2.11722  2.08975  2.05732  2.02041  1.97974  1.93569  1.88892  1.84  1.7894  1.73753  1.68478  1.63171  1.5785  1.52545  1.47297  1.42109  1.37003  1.32  1.27103  1.22328  1.17684  1.13173  1.08803  1.04606  1.00513  0.965967  0.927836  0.891117  0.855777  0.821787  0.789114  0.757738  0.727615  0.69871  0.670991  0.64445  0.618969  0.59541  
