674408  395454  217396  130158  83213.7  55964.2  39043.1  28067.7  20630.1  15465.4  11780.7  9089.68  7092.18  5585.97  4440.4  3556.07  2864.71  2317.77  1887.89  1544.28  1268.25  1043.55  863.882  714.134  593.451  493.854  412.774  343.928  288.14  241.223  202.476  170.007  142.916  120.046  101.076  85.0246  71.6072  60.3396  50.8932  42.8096  
188700  179140  128802  83432.3  55839.5  38765.2  27714.1  20342.7  15198.3  11549.5  8894.95  6933.34  5449.97  4324.39  3457.94  2780.78  2248.9  1825.5  1490.65  1221.64  1004.14  827.697  685.414  567.135  471.348  392.248  327.29  272.981  228.576  191.213  160.404  134.544  112.992  94.808  79.7352  66.9948  56.3486  47.4222  39.9428  33.5496  
81251  69947.9  68388.1  54460.2  38928.7  27978.9  20490.5  15348.8  11649.6  8970.83  6988.71  5504.81  4365.16  3490.55  2810.18  2271.94  1847.32  1506.26  1234.81  1015.29  836.881  691.517  573.597  475.57  395.873  329.822  275.461  229.92  192.645  161.209  135.372  113.471  95.2997  79.953  67.2293  56.4766  47.477  39.9419  33.6246  28.2274  
42031.7  35025.8  32243.4  31934.2  26930.6  20498.1  15485.4  11845.3  9131.2  7122.48  5613  4463.76  3570.04  2876.8  2330.92  1896.74  1550.76  1270.69  1046.33  863.652  714.379  592.107  492.535  409.346  341.456  285.02  238.442  199.295  167.189  140.052  117.707  98.7421  82.9534  69.6485  58.5863  49.23  41.3911  34.8274  29.32  24.6127  
23980.9  20186.2  17809.7  16961.2  16849.3  14758.8  11730.7  9236.34  7250.84  5733.64  4571.49  3669.54  2958.6  2401.96  1957.97  1602.95  1318.41  1085.82  898.168  744.453  618.053  514.142  428.883  357.466  298.943  250.1  209.671  175.555  147.518  123.747  104.13  87.4622  73.5529  61.8112  52.0332  43.7526  36.8059  30.9853  26.0956  21.9125  
14612.9  12571.2  10935  10039  9735.34  9712.48  8697.88  7175.36  5780.62  4651.11  3756.43  3043.81  2472.61  2023.76  1659.98  1367.12  1130.54  935.691  777.49  647.106  539.343  450.206  376.7  314.921  264.114  221.511  186.141  156.164  131.48  110.477  92.9918  78.3214  65.9518  55.4866  46.7576  39.3536  33.1319  27.914  23.5251  19.7632  
9356.55  8228.71  7178.25  6446.42  6072.9  5947.74  5921.95  5427.7  4575.33  3773.14  3096.87  2537.7  2080.32  1715.75  1415.98  1173.53  975.554  811.193  677.02  565.747  473.31  396.548  332.852  279.128  234.776  197.41  166.298  139.821  117.971  99.3061  83.7357  70.6405  59.5712  50.187  42.3442  35.6795  30.0691  25.358  21.3894  17.9826  
6229.32  5583.43  4917.29  4377.49  4031.6  3862.77  3809.22  3807.32  3521.6  3029.13  2545.51  2117.72  1755.58  1460.15  1213.21  1011.67  845.707  706.43  592.178  496.837  417.204  350.775  295.41  248.468  209.61  176.702  149.222  125.753  106.328  89.6794  75.7643  64.0259  54.0826  45.6251  38.5512  32.5237  27.442  23.1688  19.5616  16.4607  
4279.7  3894.77  3470.11  3089.23  2806.97  2635.39  2555.3  2531.14  2531.58  2365.25  2067.18  1758.82  1480.13  1242.73  1041.95  874.88  735.351  617.246  519.627  437.77  368.985  311.331  263.016  221.88  187.714  158.677  134.294  113.467  96.1466  81.2645  68.7892  58.2369  49.2728  41.6357  35.2322  29.7633  25.1451  21.2557  17.966  15.1341  
3016.93  2780.13  2505.25  2240.23  2022.98  1870.63  1782.15  1741.86  1730.35  1730.11  1630.87  1441.1  1239.91  1055.81  894.484  757.522  640.414  540.491  457.048  386.651  327.172  276.999  234.784  198.648  168.517  142.847  121.197  102.641  87.1668  73.8269  62.6196  53.1055  45.0167  38.0982  32.2887  27.3163  23.1076  19.5594  16.5586  13.9581  
2173.1  2022.9  1841.83  1657.6  1494.65  1368.78  1284.58  1236.83  1216.16  1210.06  1211.13  1149.49  1024.37  890.791  765.303  654.225  557.747  473.574  402.356  342.053  290.606  246.895  209.972  178.185  151.558  128.822  109.586  93.0257  79.1804  67.1992  57.1184  48.5245  41.2433  34.9321  29.6525  25.1246  21.2822  18.0383  15.2901  12.9044  
1594.26  1496.02  1374.58  1245.71  1125.21  1025.03  951.099  903.173  876.943  866.447  864.847  864.823  822.776  742.976  649.819  562.619  484.729  414.568  354.368  302.953  258.353  220.294  188.039  160.069  136.536  116.356  99.2324  84.4354  72.0355  61.2596  52.1767  44.4071  37.8133  32.0798  27.2757  23.1439  19.6351  16.6642  14.1437  11.9515  
1187.72  1122.06  1038.97  948.088  859.458  781.425  719.524  675.318  647.57  632.999  627.244  626.114  626.849  600.185  541.57  480.585  419.014  362.093  311.686  267.996  229.73  196.655  168.479  143.916  123.104  105.205  89.9563  76.725  65.6119  55.9112  47.7079  40.6822  34.7084  29.4964  25.1195  21.3469  18.1382  15.415  13.1008  11.0835  
896.826  851.917  794.215  729.388  664.062  603.956  553.458  514.826  488.069  471.811  463.531  460.679  460.722  460.605  441.112  403.556  358.717  314.573  273.16  236.562  204.031  175.488  150.94  129.425  111.056  95.1899  81.6111  69.774  59.8078  51.0772  43.6806  37.3094  31.8898  27.1471  23.1563  19.7083  16.7227  14.274  12.1471  10.2909  
685.1  653.791  613.036  566.377  517.939  471.925  431.493  398.738  374.428  358.032  348.365  343.669  342.314  342.309  340.428  330.099  302.354  270.353  237.863  208.041  180.734  156.35  135.145  116.342  100.193  86.138  73.9987  63.4896  54.5481  46.6881  39.9938  34.2408  29.3176  25.0027  21.3622  18.2102  15.4755  13.2279  11.2722  9.56206  
528.676  506.477  477.308  443.314  407.298  372.061  339.97  312.797  291.469  276.021  265.924  260.156  257.581  256.965  257.139  257.45  248.496  228.686  205.1  181.777  159.423  138.903  120.769  104.61  90.327  77.9242  67.132  57.776  49.7586  42.6897  36.6456  31.4381  26.9592  23.0394  19.7183  16.8349  14.3263  12.2661  10.4669  8.89072  
411.679  395.672  374.504  349.526  322.527  295.51  270.173  247.948  229.693  215.739  205.864  199.6  196.197  194.739  194.652  194.909  195.173  188.617  174.165  157.163  139.657  122.858  107.576  93.7239  81.3072  70.4166  60.8507  52.5624  45.3859  39.0717  33.5794  28.8707  24.7978  21.238  18.2076  15.5708  13.3104  11.3794  9.72357  8.27053  
323.105  311.434  295.888  277.332  256.991  236.213  216.252  198.211  182.843  170.56  161.384  155.083  151.194  149.192  148.473  148.541  148.826  148.965  144.174  133.789  121.051  108.05  95.4598  83.6441  73.0216  63.5318  55.105  47.7874  41.3767  35.7124  30.7646  26.5109  22.8161  19.5802  16.8158  14.4037  12.3332  10.5597  9.03611  7.69623  
255.39  246.773  235.227  221.308  205.876  189.836  174.127  159.569  146.792  136.186  127.904  121.858  117.818  115.41  114.283  113.988  114.149  114.386  114.707  111.491  103.236  93.7895  83.9897  74.291  65.3626  57.1703  49.7923  43.3742  37.6804  32.6257  28.1711  24.3341  20.9848  18.0497  15.5307  13.3267  11.4285  9.8007  8.39745  7.1636  
203.147  196.709  188.038  177.535  165.734  153.307  140.927  129.213  118.663  109.637  102.325  96.7329  92.7498  90.1772  88.7237  88.1081  88.0198  88.2427  88.4998  88.6101  86.0366  80.188  73.1448  65.4925  58.1585  51.2433  44.8781  39.2715  34.2591  29.7649  25.7744  22.3259  19.2967  16.6337  14.3409  12.3282  10.59  9.0963  7.80584  6.66873  
162.507  157.651  151.092  143.091  134.015  124.352  114.573  105.152  96.4853  88.8845  82.5196  77.4766  73.7073  71.0942  69.4619  68.6047  68.3092  68.3554  68.5725  68.8222  68.859  66.7625  62.6538  57.1144  51.3494  45.6756  40.2891  35.457  31.0747  27.1065  23.5522  20.4618  17.7248  15.32  13.2368  11.4005  9.8098  8.44141  7.25473  6.20767  
130.667  126.971  121.963  115.82  108.804  101.247  93.5067  85.9371  78.8416  72.4782  67.0195  62.5421  59.0681  56.531  54.8245  53.8101  53.329  53.2204  53.3419  53.5321  53.7447  53.8149  52.4039  49.0034  44.8568  40.3933  35.9649  31.8743  28.0953  24.6225  21.4806  18.7254  16.271  14.0973  12.2101  10.5375  9.08482  7.83101  6.74155  5.77777  
105.557  102.723  98.8731  94.1246  88.6603  82.7261  76.5831  70.4952  64.6931  59.3944  54.7445  50.8309  47.6936  45.3073  43.6099  42.509  41.8964  41.6479  41.6498  41.7912  41.9828  42.1415  42.2  41.1122  38.565  35.3076  31.864  28.4889  25.2806  22.2923  19.5388  17.1018  14.91  12.9546  11.2508  9.73137  8.408  7.26114  6.26263  5.37583  
85.6332  83.4447  80.4559  76.7573  72.4876  67.8121  62.9206  58.0165  53.279  48.8798  44.9459  41.5607  38.7659  36.5729  34.9415  33.8147  33.1169  32.7633  32.6581  32.725  32.8711  33.0389  33.1527  33.2267  32.4385  30.4111  27.9098  25.2568  22.6166  20.0993  17.7087  15.5749  13.6277  11.8829  10.3514  8.97762  7.77489  6.72767  5.81585  4.99969  
69.7402  68.0347  65.7041  62.8149  59.4533  55.7472  51.8426  47.8831  44.0159  40.3713  37.0574  34.1503  31.696  29.711  28.1829  27.0738  26.3372  25.9082  25.72  25.7051  25.7994  25.9484  26.1004  26.2264  26.2886  25.5997  24.0662  22.1448  20.0707  18.0008  15.9761  14.1328  12.4241  10.877  9.5167  8.26902  7.18031  6.22719  5.39469  4.64606  
56.9916  55.6581  53.8287  51.5539  48.8979  45.9535  42.8252  39.6252  36.4654  33.4507  30.6677  28.1858  26.047  24.2757  22.8707  21.8118  21.0683  20.5947  20.3425  20.2588  20.2937  20.4028  20.5345  20.658  20.7623  20.7817  20.3071  19.1193  17.6098  15.9717  14.3203  12.7628  11.2824  9.92625  8.71949  7.60183  6.62281  5.75636  4.99784  4.314  
46.7232  45.6716  44.2314  42.4335  40.3213  37.9719  35.4569  32.8659  30.2837  27.792  25.4607  23.3504  21.5009  19.9361  18.6629  17.674  16.9476  16.4552  16.1602  16.0248  16.0078  16.0698  16.1765  16.2983  16.4092  16.4802  16.5149  16.1345  15.2343  14.0171  12.7303  11.4534  10.1968  9.02638  7.96225  6.97113  6.09468  5.31221  4.6245  4.00162  
38.4211  37.5877  36.4434  35.0127  33.3326  31.4487  29.4227  27.3194  25.2064  23.1454  21.1973  19.4081  17.8164  16.4455  15.3056  14.3962  13.7058  13.2136  12.895  12.7206  12.6599  12.6821  12.7569  12.8591  12.9692  13.0675  13.1267  13.1699  12.8743  12.129  11.1876  10.19  9.15619  8.16425  7.24356  6.37231  5.59475  4.89182  4.27088  3.70618  
31.677  31.0144  30.1033  28.9622  27.6161  26.1011  24.4633  22.7531  21.021  19.3172  17.6888  16.1777  14.814  13.62  12.6093  11.7839  11.1387  10.6612  10.3337  10.134  10.0402  10.0266  10.0707  10.1495  10.2456  10.3394  10.4181  10.4725  10.4923  10.2596  9.68208  8.95579  8.15112  7.33644  6.55438  5.80152  5.11787  4.49373  3.93586  3.42575  
26.1826  25.6529  24.9239  24.0092  22.9264  21.7052  20.3775  18.9833  17.5619  16.1525  14.794  13.5181  12.3527  11.3191  10.4292  9.68847  9.09466  8.64121  8.31602  8.10289  7.98518  7.94304  7.95866  8.01392  8.09152  8.1775  8.26047  8.32735  8.37243  8.38443  8.18599  7.75303  7.18876  6.51506  5.89157  5.25481  4.66221  4.11352  3.61852  3.15948  
21.6908  21.265  20.6798  19.9435  19.0701  18.0815  17.0031  15.8639  14.6954  13.5291  12.395  11.3199  10.3278  9.43577  8.6566  7.99689  7.4574  7.03404  6.71918  6.50178  6.36876  6.30566  6.29715  6.32986  6.38907  6.46193  6.53849  6.61222  6.66544  6.70296  6.666  6.57237  6.22583  5.73955  5.25253  4.72755  4.225  3.74912  3.31482  2.90547  
18.0073  17.6645  17.1923  16.5971  15.8906  15.0883  14.21  13.277  12.3149  11.3489  10.402  9.49708  8.65366  7.88692  7.20845  6.62503  6.13912  5.74906  5.45037  5.23519  5.09408  5.01604  4.98894  5.00185  5.04291  5.10185  5.16854  5.23573  5.29637  5.34439  5.37183  5.38557  5.27596  4.98084  4.62836  4.21605  3.76482  3.39798  3.02422  2.66265  
14.9781  14.7009  14.319  13.8375  13.2634  12.6097  11.8925  11.1268  10.3342  9.53305  8.74251  7.98118  7.26504  6.60766  6.01889  5.50604  5.07162  4.71666  4.43754  4.2296  4.08602  3.99815  3.95732  3.95398  3.97905  4.02377  4.07985  4.1401  4.19792  4.24914  4.2894  4.3149  4.32289  4.2267  4.01507  3.71717  3.39016  3.05972  2.74271  2.4292  
12.4811  12.2561  11.9456  11.554  11.0869  10.5539  9.96605  9.33719  8.68269  8.01737  7.35729  6.71691  6.10975  5.54723  5.03824  4.58922  4.20366  3.88302  3.62562  3.42838  3.28639  3.19356  3.14282  3.12696  3.1383  3.16974  3.21446  3.26637  3.3199  3.37005  3.4136  3.44608  3.46695  3.47465  3.40386  3.22425  2.98999  2.73237  2.46985  2.20387  
10.4177  10.2344  9.98185  9.6623  9.2811  8.84436  8.36205  7.84442  7.30286  6.75039  6.19873  5.66023  5.14585  4.66529  4.22627  3.83482  3.49453  3.20696  2.97205  2.78758  2.65043  2.55588  2.49888  2.47348  2.47384  2.4939  2.52805  2.57101  2.61801  2.66477  2.70759  2.74419  2.77237  2.79002  2.79677  2.74  2.59581  2.40944  2.20374  1.9858  
8.70849  8.55858  8.35236  8.09158  7.77947  7.42128  7.02439  6.59735  6.14894  5.6896  5.22803  4.7751  4.33958  3.92971  3.55193  3.21167  2.91255  2.65644  2.44375  2.2734  2.1431  2.04967  1.98913  1.95702  1.94864  1.95912  1.98375  2.01809  2.05793  2.09991  2.14074  2.17758  2.20868  2.23251  2.24898  2.25293  2.20696  2.09223  1.94214  1.77334  
7.28996  7.16745  6.99824  6.78447  6.52823  6.23411  5.90693  5.55396  5.18219  4.79929  4.41342  4.03246  3.66388  3.31447  2.99  2.69518  2.43325  2.20631  2.0151  1.85921  1.7372  1.64682  1.58515  1.54866  1.53368  1.5364  1.55281  1.57928  1.61226  1.64874  1.68573  1.72109  1.75228  1.77837  1.79793  1.81144  1.81538  1.77808  1.69777  1.56469  
6.11042  6.01007  5.87124  5.69539  5.48465  5.24229  4.97221  4.67982  4.3712  4.05193  3.72886  3.40828  3.09647  2.79893  2.52063  2.26569  2.03708  1.83688  1.66599  1.52449  1.41157  1.32559  1.26444  1.22552  1.20588  1.20239  1.21197  1.23156  1.25813  1.28895  1.32162  1.35406  1.38439  1.41097  1.43262  1.4493  1.45898  1.46125  1.43209  1.35998  
5.12797  5.04539  4.93122  4.78637  4.61265  4.41252  4.18901  3.94673  3.68986  3.42361  3.15286  2.88304  2.61929  2.36596  2.12762  1.90758  1.70861  1.5326  1.38066  1.25309  1.14953  1.06883  1.00954  0.969653  0.946902  0.938813  0.942814  0.95642  0.977174  1.00266  1.03089  1.05987  1.08809  1.1139  1.13643  1.15478  1.16917  1.1769  1.18019  1.15581  
4.30838  4.24014  4.14586  4.02639  3.88304  3.71737  3.53228  3.33091  3.11701  2.89457  2.66755  2.44042  2.21725  2.00183  1.79783  1.6082  1.43543  1.28121  1.14669  1.03235  0.938054  0.8632  0.80665  0.766947  0.742365  0.730913  0.730554  0.739231  0.754843  0.775516  0.799383  0.824748  0.850267  0.8746  0.896713  0.915724  0.931297  0.942259  0.949235  0.953588  
