2.16539e+06  1.70577e+06  1.3437e+06  1.0728e+06  870470  717387  599855  508034  435141  376453  328533  289054  256151  228465  204963  184847  167504  152456  139310  127776  117598  108573  100535  93347.1  86893.6  81079.2  75822.9  71056.2  66721.1  62766.2  59149.3  55833.1  52785.8  49978.8  47387.9  44991.5  42770.9  40709.3  38792  37006  
559020  488876  417314  354480  302017  258584  223061  193737  169597  149617  132667  118324  106100  95612.5  86557.1  78691.8  71821.9  65790.3  60468.8  55752.5  51554.6  47803.3  44438.5  41409.4  38674.1  36196.2  33944.6  31893  30019.7  28303.2  26727.9  25278.1  23941.4  22703.5  21560.5  20500.5  19515.7  18599.4  17745.2  16947.7  
189683  176903  159691  142036  125637  111071  98369.1  87410.7  77961.6  69816.2  62782.2  56693  51392.5  46760.8  42697  39101.7  35934.3  33131.8  30623  28383.8  26368.4  24553.7  22914.3  21430.2  20080.6  18848.1  17725.5  16697.7  15754.9  14887.8  14088.7  13350.9  12667.6  12034.9  11447.5  10901.3  10392.2  9917.59  9474.15  9059.24  
76525.2  74427.5  69883.1  64369  58680.9  53235.5  48205.1  43658.5  39591.5  35967.1  32756.9  29909.4  27385.6  25139.8  23138.1  21349.5  19745.6  18307.1  17012  15842.8  14784.2  13823.4  12949.2  12152.2  11423.8  10756.5  10144  9580.49  9061.02  8581.46  8137.87  7726.79  7345.13  6990.28  6659.85  6351.71  6063.93  5794.8  5542.78  5306.47  
34826.1  34777.1  33606.5  31794.6  29693.1  27510.7  25381.8  23370  21503.8  19792.7  18234.1  16822  15544.8  14386.4  13341.2  12393.5  11539.2  10761.2  10051  9402.42  8813.86  8269.35  7775.37  7321.84  6905.19  6520.88  6166.32  5838.64  5535.41  5254.14  4992.78  4749.92  4523.66  4312.64  4115.53  3931.21  3759.44  3597.85  3446.21  3304.07  
17272.4  17544.8  17320.2  16753.7  15955.4  15050.8  14109.9  13179.9  12284.6  11438.7  10648.7  9916.77  9235.26  8611.54  8040.11  7515.27  7034.58  6599.97  6194.35  5821.54  5478.63  5163.13  4871.8  4602.66  4353.69  4123.15  3909.33  3710.81  3526.23  3354.39  3194.19  3044.65  2904.88  2774.09  2651.57  2536.65  2428.77  2327.42  2232.02  2142.15  
9167.65  9407.95  9428.68  9263.94  8966.78  8589.33  8167.34  7726.29  7284.86  6854.06  6440.47  6048.57  5679.87  5334.21  5012.22  4712.73  4434.91  4177.62  3941.39  3717.85  3512.81  3322.5  3145.77  2981.51  2828.69  2686.39  2553.74  2430.02  2314.45  2206.39  2105.28  2010.56  1921.92  1838.65  1760.38  1686.28  1616.76  1551.36  1489.43  1431.72  
5133.04  5307.8  5382.87  5358.66  5256.92  5100.23  4907.32  4693.84  4470.83  4245.81  4023.92  3808.76  3602.48  3406.2  3220.34  3045.27  2880.79  2726.72  2582.52  2447.79  2321.53  2203.51  2093.14  1989.94  1893.38  1803.01  1718.34  1639.01  1564.58  1494.75  1429.05  1367.41  1309.3  1254.6  1203.01  1154.34  1108.42  1065.02  1024.05  985.364  
2997.54  3109.53  3178.28  3197.58  3170.64  3109.78  3023.56  2920.57  2807.1  2688.31  2567.74  2447.84  2330.54  2216.99  2107.96  2003.89  1904.92  1811.14  1722.46  1638.78  1559.93  1485.51  1415.55  1349.75  1287.83  1229.58  1174.74  1123.1  1074.45  1028.63  985.356  944.525  905.977  869.566  835.151  802.582  771.753  742.542  714.86  688.601  
1813.77  1885.72  1938.47  1964.58  1965.38  1945.41  1908.31  1859.12  1801.56  1738.66  1672.61  1605.4  1538.09  1471.56  1406.72  1343.81  1283.27  1225.22  1169.84  1117.11  1066.99  1019.49  974.494  931.885  891.517  853.341  817.219  783.043  750.707  720.111  691.138  663.7  637.704  613.057  589.69  567.526  546.472  526.486  507.5  489.448  
1130.22  1176.64  1214.7  1238.85  1248.17  1244.53  1230.3  1207.51  1179.11  1145.57  1109.09  1070.84  1031.68  992.342  953.031  914.623  877.205  841.117  806.155  772.668  740.515  709.837  680.553  652.566  625.96  600.904  576.698  553.809  531.963  511.29  491.635  472.957  455.214  438.328  422.279  406.996  392.499  378.642  365.443  352.862  
722.432  751.722  777.477  796.854  808.095  811.296  807.521  798.103  783.974  766.543  746.611  724.997  702.266  678.896  655.275  631.696  608.409  585.572  563.302  541.696  520.816  500.697  481.36  462.816  445.049  428.049  411.799  396.279  381.462  367.324  353.84  340.984  328.725  317.029  305.877  295.227  285.064  275.361  266.1  257.297  
470.573  489.483  507.362  521.721  531.485  536.372  537.329  534.281  528.047  519.254  508.573  496.417  483.221  469.299  454.948  440.386  425.798  411.319  397.083  383.117  369.504  356.287  343.492  331.138  319.231  307.778  296.775  286.208  276.071  266.357  257.05  248.137  239.608  231.441  223.623  216.141  208.982  202.125  195.559  189.274  
313.109  325.368  337.718  348.116  355.802  361.247  363.108  362.76  360.413  356.255  350.657  343.886  336.258  327.985  319.285  310.29  301.136  291.937  282.761  273.67  264.748  255.998  247.459  239.152  231.099  223.305  215.784  208.516  201.516  194.782  188.305  182.076  176.102  170.353  164.836  159.537  154.452  149.57  144.887  140.389  
211.222  219.06  227.234  234.761  240.94  245.377  248.211  249.269  248.807  247.074  244.311  240.696  236.373  231.505  226.237  220.683  214.914  209.032  203.09  197.148  191.251  185.421  179.69  174.08  168.603  163.273  158.095  153.074  148.215  143.52  138.986  134.61  130.389  126.329  122.412  118.644  115.013  111.519  108.156  104.919  
144.793  150.054  155.737  161.129  165.702  169.237  171.666  173.133  173.514  173.047  171.804  169.927  167.525  164.691  161.53  158.106  154.487  150.734  146.882  143.004  139.104  135.22  131.344  127.545  123.807  120.161  116.589  113.108  109.712  106.408  103.239  100.171  97.173  94.2804  91.4849  88.7846  86.2282  83.708  81.2776  78.8932  
100.37  103.843  107.73  111.556  114.99  117.83  119.978  121.401  122.153  122.291  121.895  121.025  119.757  118.155  116.276  114.179  111.91  109.52  107.043  104.486  101.907  99.3052  96.7022  94.1127  91.5463  89.0273  86.5452  84.1182  81.7453  79.4298  77.1732  74.9825  72.8547  70.7925  68.7884  66.8468  64.967  63.147  61.3862  59.6836  
70.3678  72.6685  75.3887  78.1032  80.5917  82.7262  84.4401  85.7248  86.534  86.9108  86.9405  86.6348  86.0394  85.1808  84.1087  82.8618  81.4681  79.9574  78.3611  76.7  74.9912  73.253  71.498  69.7394  67.9865  66.2325  64.5149  62.8198  61.1552  59.5236  57.9276  56.3693  54.8491  53.3683  51.9279  50.5274  49.1675  47.8469  46.5669  45.3258  
49.7925  51.3551  53.2102  55.1312  56.9346  58.579  59.9345  61.0017  61.796  62.2893  62.5163  62.498  62.2671  61.8457  61.2709  60.5403  59.6956  58.7501  57.7315  56.6513  55.5267  54.3696  53.1887  51.9964  50.7945  49.5926  48.3972  47.2114  46.0415  44.8946  43.7594  42.6434  41.5515  40.4849  39.451  38.4371  37.4376  36.4731  35.5362  34.6261  
35.5646  36.6708  38.0166  39.3562  40.6862  41.902  42.9651  43.8244  44.4806  44.9462  45.2321  45.346  45.3149  45.1263  44.8157  44.4006  43.8956  43.3167  42.6713  41.9739  41.2351  40.4638  39.6683  38.8555  38.0315  37.2012  36.3698  35.5396  34.7147  33.8978  33.0903  32.2953  31.5136  30.7465  29.9947  29.2592  28.5406  27.8387  27.1548  26.4877  
25.5721  26.3157  27.2202  28.191  29.159  30.0782  30.8899  31.5895  32.1595  32.5957  32.8965  33.0761  33.1465  33.1075  32.9755  32.7608  32.4738  32.1258  31.7253  31.2813  30.8014  30.2919  29.7593  29.2086  28.6447  28.0713  27.4923  26.9107  26.3293  25.7497  25.1745  24.6048  24.0428  23.4888  22.944  22.4091  21.8845  21.3708  20.868  20.3766  
18.5274  19.0447  19.6776  20.3643  21.0788  21.7651  22.3844  22.9249  23.3856  23.7539  24.0319  24.2279  24.3383  24.3708  24.3399  24.2404  24.0866  23.887  23.6468  23.3687  23.0597  22.7307  22.3764  22.0038  21.6191  21.2207  20.8194  20.4124  20.0026  19.5926  19.1845  18.7765  18.3688  17.969  17.5742  17.1851  16.8021  16.4259  16.0563  15.6943  
13.5003  13.8649  14.3156  14.8187  15.345  15.8457  16.3171  16.7383  17.1178  17.4261  17.6718  17.8544  17.9794  18.0449  18.062  18.0291  17.9583  17.8495  17.7075  17.5354  17.3415  17.1253  16.89  16.6401  16.379  16.1072  15.8286  15.5452  15.2572  14.9674  14.6758  14.3843  14.0932  13.8039  13.5174  13.2345  12.9534  12.6774  12.4062  12.1391  
9.89022  10.1458  10.4651  10.8289  11.2067  11.5793  11.9354  12.2638  12.5603  12.8061  13.0088  13.1706  13.2894  13.3696  13.4134  13.4235  13.3997  13.3489  13.2641  13.1651  13.0437  12.9056  12.7525  12.587  12.4109  12.2261  12.0344  11.837  11.6353  11.4306  11.2231  11.0149  10.8063  10.598  10.3905  10.1845  9.98019  9.77813  9.57867  9.38186  
7.29167  7.47007  7.70112  7.95913  8.23414  8.51388  8.78266  9.03458  9.25873  9.45982  9.63002  9.77032  9.88077  9.96301  10.0164  10.044  10.0474  10.0287  9.98999  9.93382  9.86166  9.77589  9.6778  9.5672  9.44864  9.31963  9.18718  9.05033  8.90921  8.76457  8.61774  8.46927  8.31943  8.16925  8.01884  7.86906  7.71991  7.57186  7.42511  7.28003  
5.3882  5.51727  5.68117  5.86877  6.07048  6.2773  6.48036  6.67333  6.84872  7.00736  7.14555  7.26283  7.35865  7.4349  7.48989  7.52525  7.54294  7.54353  7.52917  7.50096  7.46039  7.40835  7.34684  7.2766  7.19912  7.11522  7.02582  6.93187  6.83379  6.73268  6.62893  6.52311  6.41593  6.3078  6.19897  6.08991  5.98099  5.87253  5.76458  5.65743  
4.00009  4.09012  4.20839  4.34623  4.49355  4.64545  4.79845  4.94469  5.08068  5.20671  5.31814  5.41483  5.49762  5.56478  5.61666  5.65413  5.67887  5.69065  5.69151  5.68059  5.66071  5.63178  5.59452  5.55007  5.49976  5.44438  5.38416  5.31973  5.25176  5.18108  5.10787  5.03276  4.95625  4.87848  4.79991  4.72065  4.64126  4.56183  4.48252  4.40352  
2.9845  3.05031  3.13577  3.23514  3.34365  3.45711  3.57133  3.68386  3.78965  3.88771  3.97626  4.05423  4.12157  4.17838  4.22426  4.25961  4.2862  4.3009  4.30809  4.3077  4.29842  4.28287  4.26129  4.23405  4.20212  4.16566  4.12532  4.08173  4.03513  3.9861  3.93488  3.88193  3.82751  3.77199  3.71562  3.6583  3.60055  3.54255  3.48434  3.42623  
2.23203  2.2795  2.34216  2.41043  2.49439  2.57889  2.6669  2.75103  2.83236  2.91081  2.98  3.04247  3.09813  3.14983  3.18641  3.21903  3.24419  3.26244  3.27366  3.27852  3.27756  3.27135  3.26036  3.24462  3.22501  3.202  3.1756  3.1464  3.11473  3.08081  3.04515  3.00785  2.96922  2.92943  2.88874  2.8473  2.80536  2.76292  2.7203  2.67762  
1.67311  1.70782  1.75351  1.80686  1.86702  1.9292  1.9931  2.05767  2.1206  2.18043  2.23592  2.28735  2.33242  2.37247  2.40657  2.43331  2.4558  2.47301  2.48483  2.49257  2.49579  2.49496  2.48997  2.48145  2.46996  2.45563  2.43877  2.41959  2.39836  2.37533  2.3507  2.32475  2.2976  2.2694  2.24034  2.21056  2.18022  2.14941  2.11826  2.08686  
1.25712  1.28186  1.31468  1.35441  1.39855  1.44597  1.49505  1.54367  1.59166  1.63807  1.6812  1.72072  1.7572  1.7894  1.8176  1.84204  1.86225  1.8785  1.89102  1.89981  1.90539  1.90702  1.9062  1.90241  1.89639  1.88806  1.87783  1.86557  1.85151  1.83583  1.81911  1.80107  1.78216  1.76214  1.74142  1.72005  1.6978  1.67543  1.65272  1.62973  
0.947819  0.965889  0.990024  1.01904  1.05277  1.08746  1.12431  1.16179  1.19834  1.23375  1.26746  1.29912  1.32796  1.3542  1.37758  1.39794  1.4154  1.43007  1.44158  1.45052  1.45666  1.46042  1.46186  1.46125  1.45867  1.45427  1.44818  1.44052  1.43153  1.42116  1.40983  1.39752  1.38431  1.3703  1.35565  1.34031  1.32457  1.30839  1.29188  1.27507  
0.715596  0.729119  0.74708  0.768613  0.793185  0.819191  0.847756  0.875807  0.903637  0.93082  0.956997  0.981638  1.00473  1.02602  1.04528  1.06207  1.07687  1.08941  1.09978  1.10805  1.11444  1.11895  1.12152  1.12269  1.12197  1.1202  1.11694  1.11259  1.10699  1.10031  1.0928  1.08371  1.07467  1.06495  1.05466  1.04387  1.03272  1.02107  1.00912  0.996903  
0.54125  0.550936  0.563931  0.579668  0.597547  0.616953  0.637783  0.65892  0.680142  0.701244  0.721864  0.741316  0.759627  0.776636  0.792  0.805851  0.818133  0.828693  0.83778  0.84526  0.851291  0.855861  0.859076  0.861005  0.86173  0.861315  0.859873  0.857457  0.854213  0.850095  0.845242  0.839726  0.833614  0.826945  0.819782  0.812199  0.804227  0.795926  0.787331  0.778492  
0.410109  0.417388  0.427136  0.438986  0.452628  0.467437  0.483217  0.499428  0.515745  0.53196  0.5478  0.562853  0.577066  0.590368  0.602519  0.613597  0.623623  0.632498  0.640094  0.646543  0.651932  0.656262  0.659568  0.661901  0.663292  0.663806  0.663507  0.662452  0.660665  0.658236  0.655223  0.651663  0.647604  0.643095  0.63818  0.632896  0.627286  0.621386  0.61523  0.608855  
0.31117  0.316447  0.323639  0.332334  0.342493  0.353435  0.365265  0.377535  0.389927  0.402273  0.414372  0.426112  0.437316  0.44789  0.457747  0.466729  0.474898  0.482277  0.488793  0.494439  0.49922  0.503218  0.506403  0.50884  0.510561  0.511591  0.511978  0.511762  0.510977  0.509647  0.507895  0.505654  0.503017  0.500024  0.496695  0.493063  0.489143  0.484989  0.480613  0.476045  
0.236397  0.240228  0.245341  0.251965  0.259553  0.267802  0.276701  0.285926  0.295269  0.304821  0.314194  0.323364  0.332119  0.340333  0.348153  0.355407  0.362061  0.368092  0.373505  0.37828  0.382409  0.385912  0.388827  0.391159  0.392905  0.394133  0.39486  0.39513  0.394945  0.394361  0.393397  0.39208  0.390439  0.388496  0.386276  0.383803  0.381103  0.378198  0.37511  0.371856  
0.179445  0.182392  0.186343  0.191222  0.1969  0.203155  0.209929  0.216971  0.22422  0.231563  0.238545  0.245531  0.252404  0.258986  0.265177  0.270969  0.27633  0.281235  0.285676  0.289641  0.293142  0.29618  0.298762  0.300903  0.302641  0.303977  0.304857  0.305396  0.305598  0.305488  0.305069  0.304365  0.303399  0.302189  0.300752  0.299105  0.29728  0.295281  0.293129  0.290831  
0.136567  0.138729  0.141656  0.145272  0.149526  0.154213  0.1593  0.164638  0.170185  0.175784  0.181385  0.186831  0.192184  0.19729  0.202159  0.206753  0.211044  0.214983  0.218602  0.221884  0.224827  0.227421  0.229654  0.231553  0.233131  0.234388  0.235334  0.236017  0.23643  0.236582  0.236497  0.236189  0.235672  0.234965  0.23407  0.233001  0.231786  0.230426  0.228935  0.227328  
0.10402  0.105534  0.107724  0.110437  0.11358  0.117094  0.120914  0.124941  0.129096  0.133357  0.137616  0.141833  0.145958  0.149955  0.153779  0.157418  0.160826  0.164006  0.166936  0.169622  0.172032  0.174182  0.176083  0.177725  0.179136  0.180319  0.181257  0.181972  0.182478  0.182776  0.182893  0.182836  0.182605  0.182218  0.181698  0.181047  0.180257  0.179484  0.178493  0.17739  
