1.10478e+07  1.10478e+07  1.10478e+07  1.10478e+07  1.10478e+07  1.10478e+07  1.10478e+07  1.10478e+07  1.10478e+07  1.10478e+07  1.10478e+07  1.10478e+07  1.10478e+07  1.10478e+07  1.10478e+07  1.10478e+07  1.10478e+07  1.10478e+07  1.10478e+07  1.10478e+07  1.10478e+07  1.10478e+07  1.10478e+07  1.10478e+07  1.10478e+07  1.10478e+07  1.10478e+07  1.10478e+07  1.10478e+07  1.10478e+07  1.10478e+07  1.10478e+07  1.10478e+07  1.10478e+07  1.10478e+07  1.10478e+07  1.10478e+07  1.10478e+07  1.10478e+07  1.10478e+07  
1.82848e+06  1.82848e+06  1.82848e+06  1.82848e+06  1.82848e+06  1.82848e+06  1.82848e+06  1.82848e+06  1.82848e+06  1.82848e+06  1.82848e+06  1.82848e+06  1.82848e+06  1.82848e+06  1.82848e+06  1.82848e+06  1.82848e+06  1.82848e+06  1.82848e+06  1.82848e+06  1.82848e+06  1.82848e+06  1.82848e+06  1.82848e+06  1.82848e+06  1.82848e+06  1.82848e+06  1.82848e+06  1.82848e+06  1.82848e+06  1.82848e+06  1.82848e+06  1.82848e+06  1.82848e+06  1.82848e+06  1.82848e+06  1.82848e+06  1.82848e+06  1.82848e+06  1.82848e+06  
472478  472478  472478  472478  472478  472478  472478  472478  472478  472478  472478  472478  472478  472478  472478  472478  472478  472478  472478  472478  472478  472478  472478  472478  472478  472478  472478  472478  472478  472478  472478  472478  472478  472478  472478  472478  472478  472478  472478  472478  
156850  156850  156850  156850  156850  156850  156850  156850  156850  156850  156850  156850  156850  156850  156850  156850  156850  156850  156850  156850  156850  156850  156850  156850  156850  156850  156850  156850  156850  156850  156850  156850  156850  156850  156850  156850  156850  156850  156850  156850  
61437.8  61437.8  61437.8  61437.8  61437.8  61437.8  61437.8  61437.8  61437.8  61437.8  61437.8  61437.8  61437.8  61437.8  61437.8  61437.8  61437.8  61437.8  61437.8  61437.8  61437.8  61437.8  61437.8  61437.8  61437.8  61437.8  61437.8  61437.8  61437.8  61437.8  61437.8  61437.8  61437.8  61437.8  61437.8  61437.8  61437.8  61437.8  61437.8  61437.8  
27065.4  27065.4  27065.4  27065.4  27065.4  27065.4  27065.4  27065.4  27065.4  27065.4  27065.4  27065.4  27065.4  27065.4  27065.4  27065.4  27065.4  27065.4  27065.4  27065.4  27065.4  27065.4  27065.4  27065.4  27065.4  27065.4  27065.4  27065.4  27065.4  27065.4  27065.4  27065.4  27065.4  27065.4  27065.4  27065.4  27065.4  27065.4  27065.4  27065.4  
12974.2  12974.2  12974.2  12974.2  12974.2  12974.2  12974.2  12974.2  12974.2  12974.2  12974.2  12974.2  12974.2  12974.2  12974.2  12974.2  12974.2  12974.2  12974.2  12974.2  12974.2  12974.2  12974.2  12974.2  12974.2  12974.2  12974.2  12974.2  12974.2  12974.2  12974.2  12974.2  12974.2  12974.2  12974.2  12974.2  12974.2  12974.2  12974.2  12974.2  
6643.62  6643.62  6643.62  6643.62  6643.62  6643.62  6643.62  6643.62  6643.62  6643.62  6643.62  6643.62  6643.62  6643.62  6643.62  6643.62  6643.62  6643.62  6643.62  6643.62  6643.62  6643.62  6643.62  6643.62  6643.62  6643.62  6643.62  6643.62  6643.62  6643.62  6643.62  6643.62  6643.62  6643.62  6643.62  6643.62  6643.62  6643.62  6643.62  6643.62  
3590.01  3590.01  3590.01  3590.01  3590.01  3590.01  3590.01  3590.01  3590.01  3590.01  3590.01  3590.01  3590.01  3590.01  3590.01  3590.01  3590.01  3590.01  3590.01  3590.01  3590.01  3590.01  3590.01  3590.01  3590.01  3590.01  3590.01  3590.01  3590.01  3590.01  3590.01  3590.01  3590.01  3590.01  3590.01  3590.01  3590.01  3590.01  3590.01  3590.01  
2027.85  2027.85  2027.85  2027.85  2027.85  2027.85  2027.85  2027.85  2027.85  2027.85  2027.85  2027.85  2027.85  2027.85  2027.85  2027.85  2027.85  2027.85  2027.85  2027.85  2027.85  2027.85  2027.85  2027.85  2027.85  2027.85  2027.85  2027.85  2027.85  2027.85  2027.85  2027.85  2027.85  2027.85  2027.85  2027.85  2027.85  2027.85  2027.85  2027.85  
1185.99  1185.99  1185.99  1185.99  1185.99  1185.99  1185.99  1185.99  1185.99  1185.99  1185.99  1185.99  1185.99  1185.99  1185.99  1185.99  1185.99  1185.99  1185.99  1185.99  1185.99  1185.99  1185.99  1185.99  1185.99  1185.99  1185.99  1185.99  1185.99  1185.99  1185.99  1185.99  1185.99  1185.99  1185.99  1185.99  1185.99  1185.99  1185.99  1185.99  
713.209  713.209  713.209  713.209  713.209  713.209  713.209  713.209  713.209  713.209  713.209  713.209  713.209  713.209  713.209  713.209  713.209  713.209  713.209  713.209  713.209  713.209  713.209  713.209  713.209  713.209  713.209  713.209  713.209  713.209  713.209  713.209  713.209  713.209  713.209  713.209  713.209  713.209  713.209  713.209  
441.17  441.17  441.17  441.17  441.17  441.17  441.17  441.17  441.17  441.17  441.17  441.17  441.17  441.17  441.17  441.17  441.17  441.17  441.17  441.17  441.17  441.17  441.17  441.17  441.17  441.17  441.17  441.17  441.17  441.17  441.17  441.17  441.17  441.17  441.17  441.17  441.17  441.17  441.17  441.17  
278.304  278.304  278.304  278.304  278.304  278.304  278.304  278.304  278.304  278.304  278.304  278.304  278.304  278.304  278.304  278.304  278.304  278.304  278.304  278.304  278.304  278.304  278.304  278.304  278.304  278.304  278.304  278.304  278.304  278.304  278.304  278.304  278.304  278.304  278.304  278.304  278.304  278.304  278.304  278.304  
179.468  179.468  179.468  179.468  179.468  179.468  179.468  179.468  179.468  179.468  179.468  179.468  179.468  179.468  179.468  179.468  179.468  179.468  179.468  179.468  179.468  179.468  179.468  179.468  179.468  179.468  179.468  179.468  179.468  179.468  179.468  179.468  179.468  179.468  179.468  179.468  179.468  179.468  179.468  179.468  
117.757  117.757  117.757  117.757  117.757  117.757  117.757  117.757  117.757  117.757  117.757  117.757  117.757  117.757  117.757  117.757  117.757  117.757  117.757  117.757  117.757  117.757  117.757  117.757  117.757  117.757  117.757  117.757  117.757  117.757  117.757  117.757  117.757  117.757  117.757  117.757  117.757  117.757  117.757  117.757  
78.0269  78.0269  78.0269  78.0269  78.0269  78.0269  78.0269  78.0269  78.0269  78.0269  78.0269  78.0269  78.0269  78.0269  78.0269  78.0269  78.0269  78.0269  78.0269  78.0269  78.0269  78.0269  78.0269  78.0269  78.0269  78.0269  78.0269  78.0269  78.0269  78.0269  78.0269  78.0269  78.0269  78.0269  78.0269  78.0269  78.0269  78.0269  78.0269  78.0269  
52.3168  52.3168  52.3168  52.3168  52.3168  52.3168  52.3168  52.3168  52.3168  52.3168  52.3168  52.3168  52.3168  52.3168  52.3168  52.3168  52.3168  52.3168  52.3168  52.3168  52.3168  52.3168  52.3168  52.3168  52.3168  52.3168  52.3168  52.3168  52.3168  52.3168  52.3168  52.3168  52.3168  52.3168  52.3168  52.3168  52.3168  52.3168  52.3168  52.3168  
35.8671  35.8671  35.8671  35.8671  35.8671  35.8671  35.8671  35.8671  35.8671  35.8671  35.8671  35.8671  35.8671  35.8671  35.8671  35.8671  35.8671  35.8671  35.8671  35.8671  35.8671  35.8671  35.8671  35.8671  35.8671  35.8671  35.8671  35.8671  35.8671  35.8671  35.8671  35.8671  35.8671  35.8671  35.8671  35.8671  35.8671  35.8671  35.8671  35.8671  
24.665  24.665  24.665  24.665  24.665  24.665  24.665  24.665  24.665  24.665  24.665  24.665  24.665  24.665  24.665  24.665  24.665  24.665  24.665  24.665  24.665  24.665  24.665  24.665  24.665  24.665  24.665  24.665  24.665  24.665  24.665  24.665  24.665  24.665  24.665  24.665  24.665  24.665  24.665  24.665  
17.1378  17.1378  17.1378  17.1378  17.1378  17.1378  17.1378  17.1378  17.1378  17.1378  17.1378  17.1378  17.1378  17.1378  17.1378  17.1378  17.1378  17.1378  17.1378  17.1378  17.1378  17.1378  17.1378  17.1378  17.1378  17.1378  17.1378  17.1378  17.1378  17.1378  17.1378  17.1378  17.1378  17.1378  17.1378  17.1378  17.1378  17.1378  17.1378  17.1378  
12.0123  12.0123  12.0123  12.0123  12.0123  12.0123  12.0123  12.0123  12.0123  12.0123  12.0123  12.0123  12.0123  12.0123  12.0123  12.0123  12.0123  12.0123  12.0123  12.0123  12.0123  12.0123  12.0123  12.0123  12.0123  12.0123  12.0123  12.0123  12.0123  12.0123  12.0123  12.0123  12.0123  12.0123  12.0123  12.0123  12.0123  12.0123  12.0123  12.0123  
8.47944  8.47944  8.47944  8.47944  8.47944  8.47944  8.47944  8.47944  8.47944  8.47944  8.47944  8.47944  8.47944  8.47944  8.47944  8.47944  8.47944  8.47944  8.47944  8.47944  8.47944  8.47944  8.47944  8.47944  8.47944  8.47944  8.47944  8.47944  8.47944  8.47944  8.47944  8.47944  8.47944  8.47944  8.47944  8.47944  8.47944  8.47944  8.47944  8.47944  
6.02476  6.02476  6.02476  6.02476  6.02476  6.02476  6.02476  6.02476  6.02476  6.02476  6.02476  6.02476  6.02476  6.02476  6.02476  6.02476  6.02476  6.02476  6.02476  6.02476  6.02476  6.02476  6.02476  6.02476  6.02476  6.02476  6.02476  6.02476  6.02476  6.02476  6.02476  6.02476  6.02476  6.02476  6.02476  6.02476  6.02476  6.02476  6.02476  6.02476  
4.30129  4.30129  4.30129  4.30129  4.30129  4.30129  4.30129  4.30129  4.30129  4.30129  4.30129  4.30129  4.30129  4.30129  4.30129  4.30129  4.30129  4.30129  4.30129  4.30129  4.30129  4.30129  4.30129  4.30129  4.30129  4.30129  4.30129  4.30129  4.30129  4.30129  4.30129  4.30129  4.30129  4.30129  4.30129  4.30129  4.30129  4.30129  4.30129  4.30129  
3.09578  3.09578  3.09578  3.09578  3.09578  3.09578  3.09578  3.09578  3.09578  3.09578  3.09578  3.09578  3.09578  3.09578  3.09578  3.09578  3.09578  3.09578  3.09578  3.09578  3.09578  3.09578  3.09578  3.09578  3.09578  3.09578  3.09578  3.09578  3.09578  3.09578  3.09578  3.09578  3.09578  3.09578  3.09578  3.09578  3.09578  3.09578  3.09578  3.09578  
2.23674  2.23674  2.23674  2.23674  2.23674  2.23674  2.23674  2.23674  2.23674  2.23674  2.23674  2.23674  2.23674  2.23674  2.23674  2.23674  2.23674  2.23674  2.23674  2.23674  2.23674  2.23674  2.23674  2.23674  2.23674  2.23674  2.23674  2.23674  2.23674  2.23674  2.23674  2.23674  2.23674  2.23674  2.23674  2.23674  2.23674  2.23674  2.23674  2.23674  
1.61989  1.61989  1.61989  1.61989  1.61989  1.61989  1.61989  1.61989  1.61989  1.61989  1.61989  1.61989  1.61989  1.61989  1.61989  1.61989  1.61989  1.61989  1.61989  1.61989  1.61989  1.61989  1.61989  1.61989  1.61989  1.61989  1.61989  1.61989  1.61989  1.61989  1.61989  1.61989  1.61989  1.61989  1.61989  1.61989  1.61989  1.61989  1.61989  1.61989  
1.18299  1.18299  1.18299  1.18299  1.18299  1.18299  1.18299  1.18299  1.18299  1.18299  1.18299  1.18299  1.18299  1.18299  1.18299  1.18299  1.18299  1.18299  1.18299  1.18299  1.18299  1.18299  1.18299  1.18299  1.18299  1.18299  1.18299  1.18299  1.18299  1.18299  1.18299  1.18299  1.18299  1.18299  1.18299  1.18299  1.18299  1.18299  1.18299  1.18299  
0.864726  0.864726  0.864726  0.864726  0.864726  0.864726  0.864726  0.864726  0.864726  0.864726  0.864726  0.864726  0.864726  0.864726  0.864726  0.864726  0.864726  0.864726  0.864726  0.864726  0.864726  0.864726  0.864726  0.864726  0.864726  0.864726  0.864726  0.864726  0.864726  0.864726  0.864726  0.864726  0.864726  0.864726  0.864726  0.864726  0.864726  0.864726  0.864726  0.864726  
0.633538  0.633538  0.633538  0.633538  0.633538  0.633538  0.633538  0.633538  0.633538  0.633538  0.633538  0.633538  0.633538  0.633538  0.633538  0.633538  0.633538  0.633538  0.633538  0.633538  0.633538  0.633538  0.633538  0.633538  0.633538  0.633538  0.633538  0.633538  0.633538  0.633538  0.633538  0.633538  0.633538  0.633538  0.633538  0.633538  0.633538  0.633538  0.633538  0.633538  
0.466493  0.466493  0.466493  0.466493  0.466493  0.466493  0.466493  0.466493  0.466493  0.466493  0.466493  0.466493  0.466493  0.466493  0.466493  0.466493  0.466493  0.466493  0.466493  0.466493  0.466493  0.466493  0.466493  0.466493  0.466493  0.466493  0.466493  0.466493  0.466493  0.466493  0.466493  0.466493  0.466493  0.466493  0.466493  0.466493  0.466493  0.466493  0.466493  0.466493  
0.344301  0.344301  0.344301  0.344301  0.344301  0.344301  0.344301  0.344301  0.344301  0.344301  0.344301  0.344301  0.344301  0.344301  0.344301  0.344301  0.344301  0.344301  0.344301  0.344301  0.344301  0.344301  0.344301  0.344301  0.344301  0.344301  0.344301  0.344301  0.344301  0.344301  0.344301  0.344301  0.344301  0.344301  0.344301  0.344301  0.344301  0.344301  0.344301  0.344301  
0.25451  0.25451  0.25451  0.25451  0.25451  0.25451  0.25451  0.25451  0.25451  0.25451  0.25451  0.25451  0.25451  0.25451  0.25451  0.25451  0.25451  0.25451  0.25451  0.25451  0.25451  0.25451  0.25451  0.25451  0.25451  0.25451  0.25451  0.25451  0.25451  0.25451  0.25451  0.25451  0.25451  0.25451  0.25451  0.25451  0.25451  0.25451  0.25451  0.25451  
0.188756  0.188756  0.188756  0.188756  0.188756  0.188756  0.188756  0.188756  0.188756  0.188756  0.188756  0.188756  0.188756  0.188756  0.188756  0.188756  0.188756  0.188756  0.188756  0.188756  0.188756  0.188756  0.188756  0.188756  0.188756  0.188756  0.188756  0.188756  0.188756  0.188756  0.188756  0.188756  0.188756  0.188756  0.188756  0.188756  0.188756  0.188756  0.188756  0.188756  
0.140102  0.140102  0.140102  0.140102  0.140102  0.140102  0.140102  0.140102  0.140102  0.140102  0.140102  0.140102  0.140102  0.140102  0.140102  0.140102  0.140102  0.140102  0.140102  0.140102  0.140102  0.140102  0.140102  0.140102  0.140102  0.140102  0.140102  0.140102  0.140102  0.140102  0.140102  0.140102  0.140102  0.140102  0.140102  0.140102  0.140102  0.140102  0.140102  0.140102  
0.104222  0.104222  0.104222  0.104222  0.104222  0.104222  0.104222  0.104222  0.104222  0.104222  0.104222  0.104222  0.104222  0.104222  0.104222  0.104222  0.104222  0.104222  0.104222  0.104222  0.104222  0.104222  0.104222  0.104222  0.104222  0.104222  0.104222  0.104222  0.104222  0.104222  0.104222  0.104222  0.104222  0.104222  0.104222  0.104222  0.104222  0.104222  0.104222  0.104222  
0.0776608  0.0776608  0.0776608  0.0776608  0.0776608  0.0776608  0.0776608  0.0776608  0.0776608  0.0776608  0.0776608  0.0776608  0.0776608  0.0776608  0.0776608  0.0776608  0.0776608  0.0776608  0.0776608  0.0776608  0.0776608  0.0776608  0.0776608  0.0776608  0.0776608  0.0776608  0.0776608  0.0776608  0.0776608  0.0776608  0.0776608  0.0776608  0.0776608  0.0776608  0.0776608  0.0776608  0.0776608  0.0776608  0.0776608  0.0776608  
0.0579297  0.0579297  0.0579297  0.0579297  0.0579297  0.0579297  0.0579297  0.0579297  0.0579297  0.0579297  0.0579297  0.0579297  0.0579297  0.0579297  0.0579297  0.0579297  0.0579297  0.0579297  0.0579297  0.0579297  0.0579297  0.0579297  0.0579297  0.0579297  0.0579297  0.0579297  0.0579297  0.0579297  0.0579297  0.0579297  0.0579297  0.0579297  0.0579297  0.0579297  0.0579297  0.0579297  0.0579297  0.0579297  0.0579297  0.0579297  
0.0432258  0.0432258  0.0432258  0.0432258  0.0432258  0.0432258  0.0432258  0.0432258  0.0432258  0.0432258  0.0432258  0.0432258  0.0432258  0.0432258  0.0432258  0.0432258  0.0432258  0.0432258  0.0432258  0.0432258  0.0432258  0.0432258  0.0432258  0.0432258  0.0432258  0.0432258  0.0432258  0.0432258  0.0432258  0.0432258  0.0432258  0.0432258  0.0432258  0.0432258  0.0432258  0.0432258  0.0432258  0.0432258  0.0432258  0.0432258  
