2.35568e+07  1.112e+07  5.85525e+06  3.31755e+06  1.98831e+06  1.25139e+06  817813  551798  383242  272594  197735  146068  109287  83141.6  64101.3  49823.2  39157  31076.7  24804.1  19997.6  16198.6  13209.3  10843.2  8933.92  7399.79  6164.27  5144.38  4324.56  3636.4  3076.75  2606.95  2214.01  1892.32  1616.68  1384.92  1190.09  1024.98  884.262  764.644  661.472  
7.4587e+06  4.78574e+06  2.77353e+06  1.70456e+06  1.09283e+06  723066  491723  343170  244879  177811  131377  98362.6  74700  57582.4  44633.9  34989.7  27718.7  22076.6  17755.9  14345.4  11676.5  9560.14  7854.76  6496.27  5399.23  4494.82  3766.82  3164.7  2668.6  2256  1912.49  1630.58  1389.51  1188.46  1018.88  875.466  753.979  650.555  561.988  487.036  
3.07487e+06  2.02623e+06  1.45272e+06  940618  632401  436338  307947  221651  162012  120279  90370.3  68790.2  53087.5  41223.2  32346.1  25615.6  20403.8  16404.2  13244.2  10777.5  8814.14  7240.92  5982.71  4963.91  4133.3  3457.42  2901.36  2443.89  2065.02  1747.95  1487.95  1266.85  1082  926.526  795.073  683.759  589.078  508.54  440.026  381.071  
1.47672e+06  996570  724738  554084  383891  273667  199032  146821  109848  83043.6  63530.1  49228.3  38350  30159.9  23939.3  19097.2  15367.7  12426.1  10112.7  8276.24  6799.34  5617.24  4659.74  3880.03  3245.15  2721.94  2291.93  1935.32  1637.48  1392.99  1185.5  1011.91  866.062  743.861  638.308  549.448  474.032  410.083  354.712  307.457  
784313  540556  398252  307012  244692  178001  132127  99610.6  75858.9  58422.5  45507.5  35625.4  28129.3  22401.7  17928  14458  11709  9540.4  7824.77  6432.23  5317.99  4414.86  3678.24  3077.33  2581.91  2174.38  1835.36  1553.43  1321.08  1124.77  959.799  821.318  705.267  604.874  520.601  448.991  388.299  335.719  290.891  252.138  
448261  314328  234430  182164  145965  119814  90258.8  68977.2  53424  41844.2  32925  26133.8  20900.5  16792.4  13580.5  11030.8  9009.09  7405.38  6097.73  5048.49  4196.71  3500.36  2931.18  2460.77  2073.88  1751.44  1483.03  1261.71  1074.61  917.093  784.869  674.071  578.064  497.574  429.054  371.031  320.746  277.961  240.832  209.91  
270624  192640  145239  113730  91627.1  75453.9  63234.5  48903.1  38384.1  30324.5  24176.3  19418.2  15667.3  12713.8  10364.8  8490.89  6997.84  5775.59  4791.38  3990.31  3333.39  2795.31  2349.5  1982.13  1675.76  1420.73  1208.8  1030.11  879.561  753.079  646.838  554.524  477.781  412.245  356.439  308.183  267.103  231.392  201.615  175.189  
170665  123056  93661.7  73880.2  59822.5  49457  41582.2  35496.6  27989.3  22342.9  17994.5  14569.3  11861.1  9707.26  7977.86  6594.18  5457.5  4538.66  3788.24  3170.88  2663.78  2242.47  1894.51  1603.92  1361.35  1159.12  988.496  844.816  723.868  622.159  533.655  460.014  397.075  343.47  297.043  257.508  223.162  194.456  168.992  147.243  
111473  81269.9  62382.6  49527.4  40304.8  33442.7  28192.1  24085.4  20810.4  16723.7  13545.3  11051  9068.34  7475.09  6195.54  5142.49  4287.55  3588.07  3010.24  2533.93  2137.25  1808.64  1533.6  1303.61  1111.1  948.639  811.648  696.131  598.807  514.042  443.379  382.925  331.414  286.754  248.706  215.609  187.974  163.381  142.36  124.228  
74947.1  55168.5  42671.8  34079.4  27861.4  23201.8  19609.8  16785.3  14524.4  12690.1  10328.6  8476.76  6997.67  5810.86  4834.93  4041.11  3390.11  2850.69  2405.03  2032.78  1723.47  1464.2  1245.74  1064.02  909.469  779.237  669.102  576.141  495.067  427.352  369.379  319.913  276.981  240.374  208.493  181.871  158.152  137.848  120.326  105.217  
51639.6  38333.7  29849.1  23967.2  19680.7  16444.4  13936.1  11953.3  10356.4  9055.63  7979.85  6573.32  5456.45  4544.27  3804.4  3197.53  2694.1  2277.85  1929.42  1638.94  1395  1188.97  1017.21  870.754  747.102  642.314  553.791  476.389  411.645  356.144  308.702  267.484  232.306  201.62  176.008  153.112  133.531  116.616  102.018  89.2528  
36325.9  27166.7  21281.7  17172.8  14157.1  11868  10083.6  8664.96  7519.36  6580.57  5803.99  5157.73  4286.23  3586.45  3016.31  2544.31  2154.66  1828.26  1555.79  1326.73  1132.69  970.741  832.287  715.164  615.758  531.583  457.864  396.094  343.056  297.653  258.099  224.39  194.898  170.273  148.219  129.338  113.03  98.9304  86.5924  75.7938  
26015.2  19585.3  15425.6  12503.7  10345.9  8698.38  7408.67  6378.9  5543.52  4857.54  4287.11  3808.59  3402.05  2855.44  2406.88  2039.05  1731.7  1475.51  1260.05  1077.49  924.907  794.245  683.496  589.355  509.472  439.435  380.626  330.045  286.677  248.891  216.548  188.254  164.615  143.385  125.224  109.508  95.9094  83.9962  73.5638  64.5236  
18924.5  14332.1  11343  9231.46  7663.76  6462.07  5516.26  4758.88  4141.83  3633.56  3209.49  2852.52  2550.07  2290.33  1936.42  1643.31  1400.36  1196.64  1024.3  880.373  757.037  650.24  563.267  487.554  421.14  365.239  317.095  275.752  239.668  208.743  181.647  158.986  138.596  121.147  106.021  92.8581  81.4344  71.3674  62.6324  55.0502  
13955.4  10625.2  8446.72  6899.79  5746.55  4857.82  4156.17  3591.75  3130.72  2749.65  2430.75  2161.9  1933.17  1737.29  1568.05  1333.59  1138.68  974.621  838.205  721.343  622.293  537.843  466.063  403.104  350.021  304.25  264.897  230.497  200.98  175.064  153.378  133.826  117.09  102.553  89.8917  78.8915  69.1879  60.7596  53.4348  46.9089  
10417.2  7969.94  6361.47  5214  4354.86  3690.44  3163.86  2738.72  2390.55  2101.8  1859.92  1655.26  1480.71  1330.93  1201.71  1089.18  930.484  799.615  687.964  593.698  513.415  445.246  385.528  335.109  291.611  254.18  221.404  193.289  168.525  147.802  129.088  113.048  99.0996  86.9382  76.3601  67.0204  58.8975  51.8284  45.5319  40.0953  
7860.71  6040.22  4838.81  3978.49  3331.78  2829.65  2430.51  2107.52  1842.04  1621.32  1435.93  1278.78  1144.59  1029.11  929.231  842.343  766.477  658.275  567.596  490.703  425.586  368.726  320.727  279.371  243.702  212.474  185.692  162.062  142.268  124.377  109.028  95.6637  83.9919  73.8388  64.8626  57.0428  50.2306  44.1609  38.9145  34.3091  
5989.37  4620.69  3713.99  3062.2  2570.68  2187.97  1882.71  1634.88  1430.8  1260.75  1117.46  995.839  891.767  802.106  724.419  656.67  597.328  545.112  470.475  407.594  353.089  307.162  267.642  233.607  203.816  178.275  155.732  136.821  119.723  105.05  92.257  81.0709  71.3312  62.7107  55.1952  48.6402  42.7937  37.7372  33.2927  29.462  
4603.35  3564.29  2873.67  2375.62  1998.84  1704.49  1469.17  1277.57  1119.45  987.348  875.879  781.099  699.805  629.707  568.834  515.704  469.122  428.056  392.124  339.157  294.769  256.806  224.087  195.569  171.14  149.598  131.52  115.175  101.138  88.8971  78.1812  68.8468  60.5779  53.3595  47.0564  41.4328  36.5631  32.2795  28.5821  25.2031  
3566.02  2770.28  2239.72  1856.07  1564.92  1336.88  1154.09  1004.92  881.568  778.3  690.998  616.586  552.713  497.495  449.529  407.617  370.831  338.289  309.664  284.033  247.07  215.397  187.899  164.419  143.757  126.415  110.775  97.3327  85.6129  75.347  66.401  58.4679  51.5418  45.4869  40.0816  35.3971  31.2709  27.7087  24.449  21.6161  
2782.27  2167.92  1757.3  1459.47  1232.95  1055.06  912.134  795.271  698.36  617.072  548.328  489.574  439.068  395.384  357.333  324.077  294.82  269.02  246.123  225.789  207.851  181.02  158.295  138.331  121.631  106.589  93.6858  82.4424  72.5914  64.0136  56.4014  49.7556  43.9415  38.746  34.2413  30.2712  26.8387  23.6992  20.9668  18.572  
2184.94  1707.32  1387.19  1154.46  976.975  837.345  724.896  632.739  556.21  491.918  437.396  390.778  350.642  315.85  285.554  258.982  235.641  214.999  196.718  180.451  165.877  152.973  133.479  117.259  102.724  90.2574  79.4307  69.9534  61.7111  54.3971  48.0146  42.4282  37.4352  33.1037  29.2835  25.976  22.9564  20.3225  18.0127  15.9556  
1726.11  1352.24  1101.09  918.102  778.265  667.979  578.976  505.956  445.182  394.04  350.605  313.407  281.338  253.526  229.263  207.98  189.243  172.683  157.974  144.866  133.171  122.686  113.452  99.2507  87.1251  76.6368  67.4784  59.5265  52.4821  46.3381  40.9635  36.1588  31.9922  28.3163  25.1301  22.2243  19.6858  17.4588  15.4743  13.7471  
1371.1  1076.66  878.448  733.75  622.955  535.381  464.613  406.413  357.916  317.044  282.271  252.461  226.725  204.378  184.873  167.732  152.651  139.28  127.416  116.839  107.392  98.9036  91.2744  84.3907  74.1293  65.2141  57.4998  50.6846  44.7479  39.5631  34.9306  30.9166  27.3749  24.3034  21.5068  19.0601  16.9131  14.9989  13.3327  11.8213  
1094.52  861.355  704.117  589.067  500.824  430.969  374.41  327.821  288.929  256.118  228.163  204.171  183.438  165.403  149.652  135.808  123.603  112.791  103.178  94.6016  86.9291  80.048  73.8672  68.2756  63.2274  55.6793  49.0374  43.2715  38.2469  33.7667  29.889  26.4699  23.5055  20.8098  18.4498  16.3788  14.5323  12.9241  11.4652  10.1753  
877.759  692.184  566.792  474.898  404.287  348.286  302.888  265.43  234.125  207.681  185.116  165.723  148.954  134.352  121.588  110.356  100.447  91.6594  83.8477  76.8772  70.6309  65.0292  59.9838  55.4396  51.3151  47.5907  41.9449  37.0427  32.6872  28.9235  25.6142  22.7426  20.1398  17.8601  15.8603  14.0775  12.5251  11.1159  9.86983  8.78697  
706.948  558.485  458.042  384.325  327.574  282.507  245.906  215.685  190.38  168.97  150.697  134.977  121.356  109.49  99.1031  89.9689  81.8945  74.7352  68.3663  62.6707  57.5777  52.9987  48.8801  45.1594  41.7924  38.7359  35.9785  31.7151  28.0409  24.8192  22.0264  19.5059  17.2978  15.3627  13.6385  12.1382  10.7758  9.57135  8.52403  7.57084  
571.58  452.34  371.524  312.124  266.346  229.93  200.316  175.827  155.302  137.924  123.059  110.265  99.175  89.5046  81.0293  73.5672  66.9744  61.1186  55.9061  51.2505  47.0793  43.3286  39.95  36.9011  34.141  31.6394  29.3638  27.2599  24.1029  21.3737  18.9181  16.7707  14.8919  13.2202  11.7674  10.448  9.28207  8.26904  7.3469  6.53405  
463.816  367.635  302.379  254.327  217.249  187.719  163.674  143.771  127.066  112.903  100.784  90.342  81.2795  73.3705  66.4371  60.3258  54.922  50.123  45.8476  42.0238  38.5989  35.5191  32.7435  30.2376  27.9686  25.9083  24.0388  22.3367  20.795  18.3876  16.2877  14.4553  12.828  11.4122  10.1364  9.00483  8.02279  7.13077  6.34294  5.65538  
377.633  299.763  246.855  207.868  177.73  153.706  134.118  117.882  104.246  92.6708  82.7608  74.2124  66.7855  60.3011  54.6117  49.5941  45.1544  41.2084  37.6916  34.5483  31.7288  29.1927  26.9068  24.8417  22.9704  21.2738  19.7306  18.3268  17.0411  15.8597  14.0619  12.4687  11.0907  9.84369  8.74309  7.78898  6.92299  6.15891  5.49214  4.88478  
308.393  245.153  202.125  170.372  145.802  126.191  110.187  96.9077  85.742  76.2583  68.1288  61.1105  55.0089  49.6789  44.9966  40.8659  37.2112  33.9604  31.0617  28.4676  26.1418  24.0483  22.1612  20.4556  18.9107  17.5084  16.2328  15.0715  14.0126  13.0407  12.1496  10.7962  9.57539  8.50041  7.56991  6.7266  5.98378  5.33598  4.74627  4.22571  
252.607  201.052  165.939  140  119.914  103.859  90.7476  79.8538  70.6872  62.8956  56.2094  50.4343  45.4107  41.0157  37.1574  33.7497  30.7301  28.0464  25.6508  23.5075  21.5842  19.8523  18.2906  16.8796  15.6016  14.4409  13.3841  12.4217  11.5439  10.7414  10.0061  9.33613  8.28064  7.36832  6.54443  5.81973  5.18846  4.61453  4.10831  3.66338  
207.457  165.307  136.572  115.325  98.8536  85.6784  74.9008  65.9488  58.4043  51.9835  46.4745  41.7097  37.5638  33.9347  30.7442  27.9275  25.4303  23.2078  21.2252  19.4495  17.8562  16.4213  15.1267  13.9571  12.8963  11.9333  11.0569  10.2591  9.5305  8.86415  8.25508  7.69465  7.18632  6.3795  5.66909  5.05157  4.49113  3.99753  3.56422  3.17849  
170.796  136.24  112.666  95.2148  81.671  70.8287  61.9553  54.5745  48.3514  43.0526  38.4998  34.5613  31.1315  28.1275  25.4867  23.1528  21.0822  19.24  17.5946  16.1209  14.7986  13.6074  12.5324  11.5602  10.6791  9.87938  9.15188  8.48817  7.88225  7.32839  6.82227  6.3575  5.92987  5.5347  4.92732  4.37769  3.89465  3.47097  3.09465  2.75472  
140.937  112.536  93.1411  78.7709  67.6134  58.6699  51.3449  45.2475  40.1038  35.7197  31.9503  28.6882  25.845  23.3549  21.1634  19.2264  17.5082  15.977  14.6097  13.3854  12.285  11.2947  10.4004  9.59163  8.8581  8.1928  7.5865  7.03489  6.53048  6.06946  5.64699  5.26079  4.90528  4.57856  4.27623  3.80129  3.38526  3.01681  2.68439  2.39542  
116.551  93.1475  77.1543  65.2971  56.0788  48.6881  42.6299  37.5806  33.3187  29.6861  26.5604  23.8521  21.4925  19.4237  17.6013  15.9906  14.5613  13.2881  12.1497  11.13  10.2141  9.38884  8.64395  7.9698  7.35907  6.80416  6.29921  5.83876  5.41883  5.03435  4.68246  4.35976  4.06343  3.79131  3.54045  3.3087  2.9461  2.6197  2.33656  2.08157  
96.5742  77.2486  64.0331  54.2256  46.5947  40.4734  35.4521  31.2651  27.7278  24.71  22.1132  19.8626  17.8987  16.1776  14.6609  13.3194  12.1279  11.0669  10.1182  9.26786  8.50417  7.81561  7.1942  6.63175  6.12186  5.65877  5.23712  4.8534  4.50249  4.18179  3.88793  3.61876  3.37124  3.14394  2.9348  2.74201  2.56169  2.28307  2.03257  1.81029  
80.1698  64.1764  53.2313  45.105  38.7789  33.6983  29.529  26.0492  23.1094  20.5989  18.4367  16.5626  14.927  13.4921  12.228  11.1086  10.115  9.22923  8.43727  7.72741  7.08929  6.51438  5.99504  5.52545  5.09924  4.71231  4.35994  4.03894  3.74574  3.4777  3.23229  3.00735  2.80057  2.61055  2.43572  2.27491  2.12616  1.98861  1.7696  1.57859  
66.6681  53.4076  44.3253  37.5777  32.3225  28.0984  24.6302  21.7339  19.286  17.1944  15.3922  13.829  12.4642  11.267  10.2113  9.27658  8.44621  7.70635  7.04433  6.45056  5.91691  5.43621  5.00195  4.60894  4.2525  3.92861  3.63379  3.36514  3.11992  2.89565  2.69049  2.50209  2.32931  2.17029  2.02391  1.88915  1.76508  1.65025  1.54523  1.3762  
55.5289  44.5126  36.9636  31.3519  26.9779  23.4616  20.5715  18.158  16.1156  14.3705  12.8661  11.5606  10.4203  9.41972  8.53704  7.75542  7.06082  6.44141  5.88751  5.39075  4.9439  4.5413  4.17763  3.84856  3.54999  3.27864  3.03195  2.80681  2.60142  2.41359  2.24158  2.084  1.9391  1.80623  1.6837  1.57096  1.46697  1.37111  1.28237  1.1993  
