2.83446e+06  2.18251e+06  1.69574e+06  1.34258e+06  1.08372e+06  890473  743214  628761  538525  465875  406701  358022  317483  283354  254365  229567  208184  189624  173413  159174  146603  135450  125511  116618  108629  101428  94913.3  89001.5  83621.8  78711.5  74217.6  70095.1  66304.9  62811.2  59582.5  56597.2  53828.8  51257.3  48864.7  46634.6  
794467  676741  567300  475782  401768  342240  294186  255103  222867  196200  173931  155113  139121  125423  113610  103355  94401  86541  79606.2  73455  67982  63089.3  58699.8  54745.2  51166.9  47930.1  44984.7  42299.3  39844.3  37595.4  35528.5  33625.5  31869.8  30246.4  28742.6  27347  26049.3  24841.1  23714.2  22661.6  
295571  267775  236492  206983  180959  158619  139610  123504  109825  98153.1  88151.3  79536.7  72065.3  65565.8  59876.4  54869.5  50449.2  46527.3  43033.8  39902.5  37091  34567  32285.3  30228.3  28349.6  26637.9  25083.6  23650.5  22321.3  21097.8  19982.5  18950.9  17996  17115.9  16292.1  15526.1  14811.7  14144.9  13521.6  12938.5  
131695  123898  113546  102628  92204.7  82715.1  74267.7  66830.7  60313  54606.3  49603.5  45207.8  41334.9  37911.3  34875.5  32173.4  29758.9  27595.1  25651.4  23898.1  22313.8  20876.8  19570.3  18379.6  17291.3  16294.6  15379.4  14537.3  13761  13043.8  12380  11764.5  11192.8  10661.1  10165.6  9703.19  9271.03  8866.57  8485.73  8130.08  
66141  63943.3  60186.5  55729  51166.6  46780.2  42699.4  38984.2  35647.7  32644.2  29954.7  27546.7  25373.4  23464.1  21730.8  20174.4  18764.5  17476.1  16333.9  15283.8  14327.5  13454.7  12655.9  11924.3  11253.9  10621.1  10050.8  9523.96  9036.37  8588  8167.55  7776.5  7412.06  7071.98  6754.32  6457.14  6178.51  5917.12  5671.6  5440.7  
36263.9  35659.6  34237  32317.2  30197.3  28042.1  25959.9  23999.4  22185.5  20517.7  18993.8  17605.9  16347.7  15204.9  14165.9  13220.3  12360.5  11575.3  10858  10201.4  9599.3  9046.3  8537.23  8067.81  7634.32  7233.51  6862.19  6517.64  6197.3  5899.11  5621.3  5362.04  5119.73  4892.97  4680.43  4481.04  4293.75  4117.63  3951.76  3795.55  
21233.8  21128.2  20586.8  19723.2  18689.5  17587.1  16482.9  15409.4  14382.6  13418.8  12522.4  11692.9  10929.1  10226.7  9581.27  8987.21  8440.75  7936.09  7473.62  7045.16  6650.89  6286.96  5951.13  5640.06  5351.33  5083.18  4833.73  4601.19  4384.38  4181.84  3992.43  3815.06  3648.68  3492.67  3346.08  3208.23  3078.4  2956.05  2840.61  2731.63  
13100  13148.6  12959.1  12577.9  12071.7  11492.2  10882  10269.3  9669.91  9094.45  8548.94  8036.04  7556.49  7109.76  6694.49  6309.01  5951.46  5619.85  5312.22  5026.72  4761.51  4514.83  4285.38  4071.85  3872.91  3687.43  3514.12  3352.13  3200.46  3058.38  2924.88  2799.51  2681.66  2570.75  2466.3  2367.81  2274.87  2187.08  2104.07  2025.51  
8412.33  8494  8439.54  8260.4  8004.82  7694.91  7354.03  6998.51  6642.05  6291.63  5953.55  5630.48  5324.06  5035.27  4763.57  4508.95  4270.62  4047.91  3839.77  3645.33  3463.48  3293.6  3134.57  2985.78  2846.54  2716.05  2593.84  2479.17  2371.37  2270.03  2174.91  2085.09  2000.43  1920.54  1845.11  1773.81  1706.32  1642.45  1581.93  1524.57  
5574.45  5650.93  5653.25  5581.83  5454.49  5286.87  5091.21  4881.36  4664.84  4447.45  4233.45  4025.78  3826.16  3635.55  3454.55  3283.28  3121.6  2969.26  2825.91  2691.11  2564.4  2445.32  2333.29  2228.06  2129.17  2036.03  1948.41  1865.81  1787.92  1714.47  1645.13  1579.6  1517.69  1459.13  1403.69  1351.07  1301.29  1254.07  1209.24  1166.72  
3794.89  3857.66  3879.48  3857.59  3797.03  3707.54  3596.82  3472.68  3339.76  3202.65  3065.68  2930.4  2798.48  2670.96  2548.53  2431.51  2320.07  2214.13  2113.84  2018.94  1929.18  1844.37  1764.2  1688.85  1617.33  1549.42  1485.56  1425.23  1368.12  1314.09  1262.93  1214.49  1168.55  1124.99  1083.79  1044.56  1007.3  971.888  938.182  906.072  
2642.64  2692.17  2718.33  2717.33  2688.41  2640.28  2577.42  2503.58  2421.86  2335.65  2247.26  2158.44  2070.48  1984.39  1900.78  1820.09  1742.59  1668.41  1597.63  1530.15  1465.98  1405.03  1347.13  1292.17  1240.03  1190.58  1143.63  1099.1  1056.85  1016.73  978.642  942.456  908.066  875.369  844.266  814.667  786.483  759.621  734.013  709.583  
1870.57  1906.79  1930.11  1938.74  1930.1  1906.88  1871.82  1827.68  1777.19  1722.17  1664.67  1605.9  1546.84  1488.25  1430.73  1374.7  1320.39  1268.01  1217.64  1169.34  1123.12  1078.96  1036.83  996.64  958.37  921.903  887.181  854.118  822.629  792.641  764.095  736.89  710.969  686.256  662.69  640.215  618.766  598.293  578.736  560.054  
1347.48  1374.94  1396.34  1407.75  1408.19  1398.34  1380.5  1354.34  1320.36  1285.19  1247.68  1208.55  1168.56  1128.49  1088.75  1049.7  1011.35  974.133  937.995  903.07  869.485  837.257  806.311  776.639  748.243  721.091  695.134  670.333  646.645  624.007  602.385  581.727  561.972  543.091  524.929  507.673  491.186  475.42  460.349  445.909  
982.125  1003.11  1018.21  1027.22  1033.21  1029.78  1020.15  1005.69  988.085  966.207  942.055  916.261  889.412  862.009  834.534  807.006  779.843  753.175  727.124  701.82  677.301  653.604  630.749  608.748  587.602  567.28  547.747  529.042  511.118  493.946  477.493  461.738  446.645  432.181  418.278  404.982  392.25  380.114  368.428  357.221  
726.812  741.547  754.992  764.943  770.131  770.559  766.757  759.058  747.95  733.979  718.608  701.493  683.331  664.131  645.102  625.648  606.278  587.215  568.237  549.718  531.72  514.225  497.27  480.853  465.001  449.831  435.094  420.931  407.33  394.231  381.514  369.406  357.79  346.614  335.993  325.688  315.732  306.22  297.091  288.312  
542.345  552.827  563.256  572.066  577.584  579.601  578.603  574.936  568.689  560.507  550.534  539.545  527.321  514.345  500.948  487.303  473.504  459.706  446.02  432.478  419.167  406.173  393.543  381.256  369.343  357.797  346.631  335.844  325.435  315.396  305.717  296.397  287.424  278.781  270.461  262.448  254.736  247.312  240.167  233.287  
408.149  416.115  424.288  431.279  436.169  439.115  439.786  437.771  434.341  429.357  423.088  415.724  407.471  397.954  388.337  378.51  368.589  359.649  349.709  339.873  330.151  320.55  311.151  301.974  293.048  285.357  276.889  268.694  260.723  253.049  245.605  238.411  231.464  224.758  218.308  212.065  206.032  200.224  194.62  189.215  
309.762  315.597  321.785  327.375  331.78  335.101  336.156  336.048  334.478  331.71  327.858  323.148  317.733  311.77  305.383  298.631  291.674  284.56  277.37  270.155  262.971  255.859  248.841  241.954  235.201  228.6  222.171  215.9  209.802  203.881  198.137  192.571  187.18  181.962  176.914  172.032  167.312  162.75  158.441  154.18  
236.774  241.196  246.109  250.787  254.791  257.788  259.651  259.66  259.032  257.529  255.231  252.267  248.743  244.756  240.386  235.688  230.76  225.628  220.408  215.141  209.85  204.57  199.328  194.147  189.036  184.025  179.109  174.305  169.614  165.046  160.601  156.279  152.08  148.006  144.054  140.222  136.509  132.913  129.43  126.058  
181.882  185.189  188.844  192.407  195.534  198.08  199.694  200.603  200.788  200.289  199.123  197.381  195.146  192.503  189.521  186.266  182.789  179.124  175.363  171.515  167.624  163.713  159.803  155.913  152.06  148.258  144.516  140.836  137.234  133.712  130.272  126.917  123.65  120.47  117.376  114.373  111.453  108.619  105.863  103.197  
140.561  143.007  145.795  148.579  151.117  153.374  155.011  155.604  156.098  156.546  155.986  154.981  153.632  151.928  149.943  147.704  145.266  142.638  139.876  137.078  134.228  131.33  128.411  125.485  122.573  119.687  116.83  114.015  111.246  108.524  105.858  103.249  100.702  98.217  95.7946  93.4346  91.1345  88.8989  86.7217  84.6083  
109.127  110.983  113.143  115.374  117.491  119.329  120.815  121.869  122.551  122.824  122.659  122.15  121.351  120.256  118.969  117.447  115.715  113.882  111.941  109.887  107.797  105.656  103.483  101.291  99.1  96.9144  94.7381  92.5869  90.4591  88.3617  86.2988  84.2735  82.288  80.3443  78.4389  76.5779  74.7653  72.9982  71.2759  69.5961  
85.0959  86.478  88.1255  89.8784  91.5657  93.0794  94.3258  95.3372  96.0546  96.4538  96.5371  96.3581  95.9405  95.3008  94.4731  93.4563  92.2928  91.0129  89.6411  88.1872  86.6436  85.0609  83.4529  81.8391  80.2037  78.551  76.8963  75.249  73.614  71.9955  70.3234  68.7464  67.1951  65.6741  64.1839  62.7229  61.2964  59.902  58.539  57.209  
66.6663  67.739  68.9848  70.4169  71.7557  72.9957  74.1045  74.967  75.6234  76.0191  76.2464  76.2712  76.0913  75.734  75.2156  74.5668  73.7882  72.9104  71.9327  70.8887  69.782  68.6142  67.3976  66.1809  64.9426  63.6953  62.4384  61.1807  59.9249  58.6784  57.4417  56.2179  55.014  53.8301  52.6641  51.5187  50.3943  49.2919  48.2128  47.1566  
52.3102  53.1069  54.0876  55.157  56.2411  57.2628  58.1782  58.9675  59.5956  60.0365  60.3117  60.4337  60.3948  60.2216  59.9359  59.5395  59.0354  58.4396  57.7666  57.0228  56.2271  55.3864  54.5108  53.6046  52.6806  51.7383  50.785  49.8268  48.867  47.9086  46.9546  46.0074  45.0699  44.1433  43.2291  42.3288  41.4368  40.5666  39.7127  38.8751  
41.2016  41.8089  42.5672  43.3953  44.2525  45.0747  45.807  46.5088  47.0777  47.5049  47.8108  47.9888  48.0515  48.0046  47.8526  47.613  47.2851  46.8852  46.4209  45.9024  45.3293  44.7081  44.0703  43.4039  42.7157  42.0091  41.2902  40.562  39.829  39.093  38.3583  37.6296  36.9068  36.1836  35.4711  34.7683  34.0747  33.3924  32.7208  32.0579  
32.5911  33.0557  33.6374  34.2972  34.9738  35.6466  36.2676  36.8331  37.3107  37.7005  37.9966  38.2008  38.319  38.35  38.3045  38.1785  37.9847  37.7312  37.4189  37.0616  36.6629  36.2287  35.7624  35.2745  34.7646  34.2368  33.6954  33.1446  32.5865  32.0213  31.4549  30.8884  30.323  29.7601  29.2013  28.6476  28.0994  27.558  27.0237  26.4981  
25.8128  26.1667  26.6169  27.1384  27.675  28.2258  28.7389  29.2155  29.6373  29.9705  30.251  30.4616  30.6122  30.6819  30.6973  30.6428  30.5347  30.3871  30.1893  29.9493  29.6744  29.3674  29.0338  28.6773  28.3015  27.9094  27.5041  27.0876  26.6625  26.2318  25.7968  25.3595  24.9215  24.483  24.0471  23.6129  23.1819  22.7549  22.3329  21.9152  
20.4797  20.7528  21.1025  21.5015  21.931  22.3672  22.7904  23.1914  23.5522  23.852  24.0966  24.2929  24.4423  24.5319  24.5854  24.5865  24.5439  24.4613  24.3526  24.2017  24.0208  23.8082  23.5708  23.3105  23.033  22.7417  22.4393  22.1205  21.7982  21.4693  21.1364  20.8  20.461  20.1211  19.7811  19.4417  19.1037  18.7679  18.4348  18.1047  
16.2715  16.4813  16.7508  17.0608  17.3912  17.7374  18.0758  18.4031  18.7018  18.9709  19.2012  19.3861  19.537  19.6462  19.7125  19.7471  19.7414  19.7016  19.6311  19.5328  19.4088  19.2636  19.0962  18.9123  18.7127  18.4999  18.279  18.0454  17.8029  17.5544  17.3023  17.0451  16.7836  16.5214  16.2573  15.9922  15.728  15.4646  15.2026  14.9424  
12.9659  13.1284  13.3396  13.5846  13.8521  14.1356  14.4147  14.6877  14.9386  15.166  15.3559  15.5182  15.6572  15.7653  15.8438  15.8921  15.9137  15.907  15.8719  15.8151  15.7372  15.6395  15.5244  15.3944  15.2512  15.0961  14.9298  14.7558  14.5742  14.3864  14.1933  13.9959  13.7958  13.5926  13.3873  13.1812  12.9746  12.7677  12.5617  12.3566  
10.3468  10.4741  10.6382  10.8355  11.0485  11.2742  11.5003  11.7202  11.9291  12.1141  12.2804  12.4281  12.5528  12.6532  12.73  12.7811  12.8129  12.8231  12.8137  12.7852  12.7396  12.6767  12.6016  12.5136  12.4139  12.3029  12.1821  12.0524  11.9178  11.7773  11.6316  11.4821  11.327  11.1716  11.0132  10.8543  10.6935  10.5314  10.37  10.2086  
8.26319  8.36103  8.48738  8.63781  8.80452  8.98132  9.16074  9.33988  9.50924  9.66603  9.8153  9.93544  10.045  10.1342  10.2078  10.2638  10.3061  10.3313  10.3483  10.3415  10.3176  10.2809  10.2312  10.1709  10.1011  10.0219  9.93487  9.84125  9.7413  9.63613  9.52625  9.41276  9.29607  9.17659  9.05495  8.93146  8.80647  8.68072  8.55416  8.42744  
6.61067  6.687  6.78632  6.90467  7.03774  7.18062  7.32662  7.47315  7.61549  7.75052  7.87402  7.98537  8.08351  8.168  8.23792  8.29233  8.33322  8.36164  8.37686  8.3797  8.36924  8.34928  8.31919  8.28088  8.23414  8.1795  8.11852  8.05143  7.97721  7.89989  7.81802  7.73277  7.64453  7.55404  7.45763  7.36082  7.26388  7.16541  7.06624  6.96708  
5.29214  5.35173  5.43027  5.5232  5.62838  5.74225  5.85992  5.97719  6.09149  6.20233  6.30553  6.40036  6.48269  6.55572  6.62002  6.67291  6.71263  6.74175  6.76073  6.77046  6.77074  6.76255  6.74616  6.72222  6.69098  6.65366  6.61035  6.56227  6.50914  6.45253  6.39198  6.32826  6.26176  6.19262  6.12144  6.04846  5.97399  5.89828  5.82156  5.74423  
4.24178  4.28845  4.34588  4.41975  4.50475  4.59686  4.69117  4.78732  4.88166  4.96299  5.05619  5.13246  5.20163  5.26253  5.32371  5.37084  5.40923  5.4395  5.46234  5.47701  5.48415  5.48402  5.47745  5.46446  5.44573  5.42171  5.39264  5.35886  5.32212  5.28088  5.23652  5.18896  5.13912  5.08688  5.03266  4.97684  4.91951  4.86098  4.80151  4.74118  
3.39725  3.43357  3.48143  3.53954  3.60551  3.67806  3.75213  3.8304  3.91686  4.00007  4.05532  4.12252  4.18411  4.23726  4.2857  4.32844  4.36482  4.39422  4.41706  4.43486  4.44535  4.4495  4.44707  4.441  4.42982  4.41458  4.39555  4.37305  4.34697  4.31744  4.28527  4.25055  4.21348  4.17439  4.13355  4.09113  4.04747  4.00258  3.95691  3.91048  
2.72699  2.75401  2.79081  2.8377  2.89029  2.94764  3.00755  3.06947  3.13157  3.19334  3.25228  3.30794  3.35973  3.40696  3.44998  3.48791  3.52171  3.54778  3.57131  3.58966  3.6034  3.61198  3.61558  3.61455  3.6099  3.60112  3.58934  3.57402  3.55607  3.53477  3.5114  3.48607  3.45898  3.43006  3.39942  3.3671  3.33342  3.29915  3.264  3.22818  
2.18775  2.20988  2.23962  2.27576  2.31821  2.36596  2.41096  2.46058  2.51084  2.56018  2.60832  2.65316  2.69749  2.7373  2.77408  2.80795  2.83642  2.86109  2.88197  2.89861  2.9116  2.92085  2.92645  2.92889  2.92788  2.92392  2.91722  2.90798  2.89626  2.88216  2.866  2.84769  2.82791  2.80658  2.78425  2.76023  2.7351  2.70904  2.6821  2.65415  
