1.71618e+06  697699  335975  185521  112301  72732.3  49398.9  34808.7  25217.7  18708.4  14139.6  10854.1  8440.15  6630.3  5264.84  4215.54  3394.9  2750.45  2244.87  1837.43  1512.69  1247.64  1034.38  858.022  714.776  596.627  499.059  417.664  351.104  294.637  247.887  208.886  176.152  148.417  125.309  105.76  89.2986  75.4955  63.8425  53.8598  
462912  459320  244503  140137  86574.8  56812.7  38934.8  27634  20135.6  14992.4  11368.2  8754.47  6822.16  5367.33  4266.78  3419.12  2754.44  2231.79  1821.19  1490.14  1226.09  1010.5  837.023  693.613  577.178  481.162  401.997  335.971  282.042  236.33  198.535  167.051  140.634  118.306  99.7245  84.0292  70.8311  59.7831  50.4661  42.5051  
169423  180808  176695  108751  69309.8  46260.4  32048.1  22943.4  16821.7  12586.2  9581.88  7407.36  5787.21  4564.16  3635.76  2918.04  2354.07  1909.59  1559.66  1276.89  1051.17  866.482  717.876  594.856  494.93  412.492  344.497  287.789  241.474  202.216  169.774  142.748  120.075  100.934  85.0099  71.5704  60.2744  50.8248  42.8631  36.0669  
76748.5  82702.1  85570.9  83300.2  55993.2  38325.1  26954.9  19496.6  14393  10828.4  8279.56  6424.67  5034.53  3981.91  3179.5  2556.94  2066.36  1672.44  1372.87  1125.25  927.197  764.856  634.12  525.674  437.523  364.774  304.666  254.519  213.566  178.821  150.102  126.187  106.125  89.164  75.0674  63.1728  53.1726  44.8179  37.7767  31.7692  
40032.6  42790.7  45127  45867.4  44650.5  31825.9  22865  16764.3  12481.5  9456.21  7262.71  5658.93  4446.5  3529.27  2825.04  2276.86  1843.52  1500.21  1228.65  1008.41  831.908  686.944  570.062  472.893  393.862  328.56  274.529  229.422  192.539  161.27  135.385  113.827  95.7205  80.4254  67.7051  56.9687  47.7901  40.4003  34.044  28.6226  
22986.7  24309.5  25703.7  26654.6  26800.8  26081.7  19378.4  14472.6  10897.9  8319.85  6433.4  5033.54  3969.32  3161.03  2536.61  2046.77  1662.65  1355.37  1111.81  913.81  754.844  623.991  518.393  430.412  358.778  299.51  250.41  209.379  175.796  147.306  123.704  104.038  87.5426  73.5326  61.9088  52.0941  43.6992  36.9431  31.1288  26.1692  
14137.1  14809  15602  16300.8  16696.6  16676.8  16224  12457.7  9531.32  7351.47  5732.19  4505.85  3568.9  2852.2  2293.98  1855.14  1511.19  1234  1014.04  834.731  690.471  571.463  475.292  395.01  329.566  275.348  230.378  192.756  161.968  135.759  114.061  95.9675  80.7924  67.8699  57.1556  48.1034  40.3566  34.1223  28.7533  24.1731  
9150.08  9512.56  9968.29  10427.8  10781.5  10946.2  10880  10610.6  8307.2  6498.33  5114.63  4047.13  3222.31  2586.15  2087.01  1691.93  1381.37  1130.12  930.318  767.096  635.352  526.504  438.4  364.747  304.613  254.763  213.295  178.588  150.172  125.939  105.868  89.1145  75.0388  63.0771  53.1371  44.735  37.6617  31.7479  26.7572  22.4961  
6160.19  6366.36  6635.26  6928.7  7191.94  7373.03  7435.07  7365.47  7171.51  5723.43  4560.57  3639.7  2915.88  2351.55  1903.4  1548.9  1267.74  1039.38  857.281  708.13  587.134  487.342  406.252  338.389  282.891  236.803  198.432  166.276  139.919  117.417  98.7635  83.1841  70.0833  58.9322  49.6661  41.8283  35.2259  29.704  25.0406  21.0576  
4278.55  4401.37  4564.86  4752.32  4937.16  5088.1  5180.04  5197  5134.86  4997.05  4051.38  3270.78  2639.67  2141  1740.66  1421.62  1166.78  958.929  792.589  655.85  544.593  452.685  377.788  315.092  263.699  220.927  185.314  155.411  130.854  109.903  92.5032  77.9551  65.7301  55.2868  46.6153  39.2768  33.089  27.9113  23.5366  19.7988  
3047.73  3123.51  3225.95  3347.72  3474.69  3589.68  3676.36  3721.41  3718.14  3666.31  3571.85  2927.04  2385.89  1948.91  1593  1306.45  1075.85  886.613  734.476  609.008  506.417  421.685  352.364  294.255  246.559  206.743  173.59  145.708  122.777  103.194  86.9118  73.2852  61.8338  52.0357  43.8972  37.0036  31.1951  26.3173  22.2006  18.681  
2216.59  2264.88  2331.13  2411.28  2498.54  2583.18  2654.39  2703.45  2723.97  2712.6  2670.13  2600.9  2148.72  1771.1  1457.14  1201.08  992.854  820.858  681.669  566.598  471.783  393.65  329.385  275.424  231.071  193.962  163.017  136.952  115.495  97.1453  81.8744  69.0738  58.3292  49.11  41.4509  34.9584  29.4838  24.8845  21.0003  17.6782  
1640.38  1672.09  1715.89  1769.74  1830.01  1891.21  1946.98  1990.78  2018.05  2025.34  2011.65  1976.74  1921.5  1603.98  1330.44  1103.43  916.287  760.354  633.224  527.686  440.353  368.063  308.435  258.271  216.965  182.308  153.395  128.989  108.871  91.6492  77.2964  65.2462  55.1194  46.4527  39.2307  33.1009  27.9285  23.5848  19.9088  16.7684  
1232.09  1253.42  1283.11  1319.86  1361.86  1406.12  1448.5  1484.68  1511.56  1525.86  1526.3  1512.11  1484.16  1444.18  1210.67  1011.67  844.835  704.156  588.427  491.749  411.356  344.513  289.198  242.539  204.033  171.619  144.589  121.698  102.803  86.612  73.1059  61.7532  52.1899  44.0211  37.1984  31.4027  26.5035  22.3965  18.9147  15.9378  
937.198  951.908  972.348  997.882  1027.56  1059.52  1091.3  1120.24  1143.73  1159.73  1166.51  1163.39  1150.22  1127.62  1095.43  924.708  777.577  651.441  546.572  458.277  384.412  322.68  271.377  227.947  192.144  161.772  136.449  114.967  97.2092  81.9711  69.2443  58.5449  49.4976  41.7825  35.3292  29.839  25.1944  21.3031  17.9995  15.1732  
720.742  731.057  745.401  763.446  784.608  807.827  831.684  854.314  873.865  888.889  898.001  900.412  895.635  883.825  865.539  841.001  713.503  601.526  507.166  426.866  359.189  302.287  254.78  214.398  181.021  152.627  128.903  108.722  92.0244  77.671  65.6676  55.5581  46.9888  39.7099  33.5995  28.3927  23.9873  20.2919  17.1531  14.4701  
559.673  567.001  577.189  590.124  605.402  622.405  640.243  657.7  673.604  686.741  696.101  700.954  700.795  695.478  685.176  670.231  651.642  553.811  469.869  397.156  335.41  283.117  239.209  201.717  170.604  144.086  121.878  102.9  87.194  73.6667  62.3764  52.789  44.67  37.7824  31.9895  27.0483  22.8642  19.352  16.3653  13.8132  
438.235  443.547  450.893  460.294  471.425  483.98  497.354  510.792  523.486  534.524  543.206  548.82  551.026  549.509  544.203  535.321  523.067  507.743  433.711  368.824  312.839  264.982  224.522  189.778  160.82  136.066  115.27  97.4495  82.679  69.9201  59.2627  50.2046  42.5098  35.9821  30.485  25.7909  21.8161  18.475  15.6324  13.1976  
345.72  349.619  354.993  361.875  370.106  379.427  389.51  399.835  409.846  418.934  426.538  432.113  435.323  435.872  433.637  428.652  421.059  411.043  399.001  341.524  291.269  247.719  210.597  178.474  151.581  128.497  109.039  92.3185  78.443  66.3994  56.3352  47.7744  40.5674  34.2933  29.0758  24.6141  20.8339  17.653  14.9455  12.6226  
274.559  277.435  281.408  286.518  292.647  299.633  307.273  315.207  323.075  330.468  336.935  342.038  345.525  347.132  346.696  344.199  339.635  333.158  324.867  315.216  270.504  231.179  197.283  167.682  142.783  121.323  103.145  87.4685  74.431  63.0785  53.577  45.4824  38.6541  32.7041  27.7491  23.5068  19.9099  16.8803  14.2991  12.0806  
219.335  221.489  224.456  228.276  232.886  238.15  243.974  250.105  256.29  262.222  267.583  272.099  275.481  277.53  278.111  277.131  274.561  270.516  265.015  258.177  250.364  215.24  184.519  157.387  134.406  114.49  97.5432  82.8669  70.6118  59.9337  50.9674  43.3143  36.8452  31.2029  26.497  22.4621  19.0392  16.1517  13.6907  11.5719  
176.161  177.784  180.027  182.903  186.396  190.411  194.861  199.6  204.455  209.203  213.624  217.493  220.585  222.73  223.823  223.751  222.486  220.026  216.419  211.749  206.17  199.745  172.166  147.481  126.354  107.955  92.1941  78.4809  66.9992  56.9451  48.4899  41.2582  35.1321  29.7811  25.3114  21.4738  18.2152  15.4623  13.1151  11.0913  
142.168  143.402  145.114  147.304  149.959  153.037  156.457  160.146  163.955  167.751  171.358  174.617  177.342  179.414  180.705  181.162  180.703  179.314  177.027  173.873  169.931  165.259  160.177  137.913  118.612  101.675  87.0698  74.2844  63.5377  54.0948  46.1297  39.2811  33.5033  28.4299  24.1869  20.5357  17.4305  14.8086  12.5698  10.637  
115.233  116.182  117.491  119.163  121.21  123.582  126.229  129.102  132.105  135.131  138.062  140.761  143.126  145.026  146.356  147.074  147.097  146.418  145.03  142.931  140.194  136.876  133  128.591  111.114  95.6131  82.1386  70.2539  60.2245  51.367  43.8738  37.4125  31.9488  27.1422  23.1137  19.643  16.6862  14.187  12.0498  10.2044  
93.7748  94.504  95.5177  96.8054  98.388  100.221  102.286  104.533  106.905  109.317  111.691  113.93  115.935  117.614  118.898  119.718  120.021  119.79  119.003  117.66  115.784  113.422  110.606  107.38  103.781  89.7323  77.3692  66.368  57.0367  48.7478  41.7109  35.623  30.4624  25.9115  22.0922  18.7908  15.9764  13.5943  11.5543  9.79197  
76.5829  77.1469  77.9367  78.9374  80.1687  81.6001  83.214  84.9758  86.8554  88.78  90.6996  92.5373  94.209  95.6916  96.8703  97.7038  98.1567  98.1923  97.8029  96.9815  95.722  94.0592  92.0161  89.6318  86.9351  83.9993  72.7387  62.6069  53.958  46.2239  39.6305  33.9052  29.0361  24.7321  21.1114  17.9754  15.2977  13.0279  11.0815  9.39817  
62.7477  63.1908  63.8062  64.5901  65.5504  66.6702  67.9379  69.3309  70.8218  72.3621  73.9085  75.4197  76.8281  78.0819  79.1331  79.9384  80.4518  80.6463  80.5174  80.0388  79.2181  78.0717  76.6025  74.8511  72.8412  70.5888  68.2208  58.9513  50.9695  43.7824  37.6232  32.2515  27.6628  23.5987  20.1697  17.1936  14.6471  12.4855  10.6284  9.02137  
51.57  51.9159  52.3998  53.0152  53.7674  54.6516  55.6514  56.753  57.9376  59.1736  60.4261  61.6591  62.8296  63.894  64.818  65.5595  66.0844  66.364  66.3913  66.148  65.6381  64.8492  63.8114  62.5306  61.0254  59.3185  57.4428  55.3834  48.0642  41.415  35.6804  30.6543  26.3401  22.5073  19.2637  16.4421  14.0222  11.9649  10.1946  8.66015  
42.4981  42.7703  43.1537  43.6391  44.2314  44.9324  45.7227  46.5991  47.5446  48.5362  49.55  50.5563  51.5267  52.4274  53.2224  53.8848  54.3911  54.7098  54.8334  54.7458  54.4421  53.9233  53.1952  52.2645  51.147  49.8568  48.413  46.8337  45.2249  39.1099  33.7934  29.1059  25.0607  21.4533  18.3899  15.7179  13.4224  11.4642  9.77756  8.31318  
35.1096  35.3267  35.6296  36.0145  36.4851  37.0404  37.669  38.3685  39.1236  39.9228  40.7423  41.5655  42.3677  43.1234  43.8056  44.3881  44.8549  45.1837  45.3583  45.3704  45.2112  44.8804  44.3758  43.7066  42.8824  41.9115  40.8077  39.5919  38.2728  36.8562  31.9553  27.6002  23.8207  20.4324  17.545  15.0181  12.8419  10.9821  9.37597  7.97927  
29.0751  29.2465  29.488  29.7951  30.1678  30.6116  31.1129  31.672  32.2796  32.9222  33.5872  34.2594  34.9203  35.5536  36.1331  36.6423  37.0616  37.3804  37.5777  37.65  37.587  37.3885  37.0468  36.5727  35.9667  35.2366  34.3992  33.455  32.4229  31.316  30.1567  26.1322  22.6123  19.4412  16.726  14.3381  12.2803  10.5161  8.98828  7.65724  
24.127  24.2651  24.4578  24.7031  25.0011  25.3557  25.7591  26.2057  26.6951  27.2143  27.7548  28.3037  28.8491  29.3743  29.8649  30.3068  30.6776  30.9743  31.1789  31.2837  31.2857  31.1745  30.9527  30.6192  30.1784  29.6369  28.9945  28.2692  27.4656  26.5922  25.6595  24.695  21.4348  18.476  15.9302  13.6816  11.7367  10.065  8.61339  7.34617  
20.0618  20.1716  20.3266  20.5237  20.7622  21.0461  21.3706  21.7302  22.1254  22.5448  22.9846  23.4337  23.8831  24.3211  24.7343  25.1099  25.4383  25.7061  25.9071  26.0287  26.0678  26.0187  25.8809  25.6514  25.3335  24.9303  24.4472  23.8887  23.2631  22.5767  21.8375  21.0589  20.2818  17.5334  15.1549  13.043  11.2092  9.62746  8.25023  7.04531  
16.7108  16.7995  16.9234  17.0828  17.2749  17.503  17.765  18.055  18.3743  18.7152  19.0729  19.4408  19.8104  20.1748  20.5218  20.8424  21.1292  21.3682  21.5551  21.683  21.7441  21.7358  21.6563  21.5027  21.2771  20.9807  20.6163  20.1881  19.7016  19.163  18.5781  17.9514  17.2969  16.6101  14.3973  12.4218  10.6957  9.20225  7.89764  6.75333  
13.9427  14.0142  14.115  14.2433  14.3984  14.5821  14.7938  15.029  15.2874  15.5645  15.856  16.1582  16.4633  16.7651  17.0564  17.328  17.5738  17.7861  17.9576  18.0835  18.156  18.1745  18.135  18.0376  17.8785  17.6619  17.3895  17.0623  16.6857  16.2635  15.8005  15.3033  14.7752  14.2185  13.6547  11.8109  10.1946  8.78811  7.55466  6.4697  
11.6516  11.7093  11.7903  11.8946  12.0202  12.1687  12.3402  12.531  12.7403  12.967  13.2054  13.4524  13.7041  13.9548  14.1979  14.4281  14.6393  14.8255  14.9802  15.098  15.1761  15.21  15.1981  15.1387  15.0303  14.8736  14.6706  14.4221  14.1314  13.8018  13.4351  13.0389  12.6142  12.1679  11.7018  11.2142  9.70418  8.38369  7.22075  6.19357  
9.75037  9.79728  9.86304  9.94756  10.0496  10.1698  10.3093  10.4645  10.6351  10.82  11.015  11.2182  11.4256  11.6335  11.8373  12.0314  12.2113  12.3726  12.5093  12.6188  12.6972  12.7405  12.7463  12.7144  12.6425  12.5311  12.3807  12.1925  11.9684  11.711  11.4223  11.1058  10.7669  10.4056  10.027  9.63482  9.22353  7.98808  6.89458  5.92429  
8.17011  8.20841  8.26173  8.33061  8.41345  8.51112  8.62488  8.75152  8.8902  9.04144  9.20148  9.3685  9.53977  9.71196  9.88197  10.0459  10.199  10.3382  10.4596  10.5584  10.6335  10.6805  10.6976  10.6846  10.6389  10.5608  10.4509  10.3087  10.1372  9.93656  9.71013  9.45883  9.18593  8.89439  8.58866  8.26832  7.93767  7.60006  6.57518  5.66115  
6.85411  6.88522  6.9288  6.9849  7.05276  7.13238  7.22476  7.32866  7.44203  7.56573  7.69728  7.83457  7.97594  8.11903  8.26136  8.39878  8.52919  8.6483  8.75413  8.84282  8.91238  8.96052  8.98465  8.98372  8.95717  8.90397  8.82401  8.7177  8.58683  8.43096  8.25254  8.0534  7.83537  7.60123  7.35216  7.09132  6.82092  6.54169  6.26182  5.40344  
5.75653  5.78188  5.81763  5.86336  5.91879  5.98384  6.05928  6.14434  6.23724  6.33855  6.44677  6.55988  6.67672  6.79576  6.91437  7.02984  7.14037  7.2426  7.33447  7.41309  7.476  7.52318  7.55104  7.55842  7.54486  7.50971  7.45288  7.37398  7.27389  7.15326  7.01378  6.85579  6.68165  6.49281  6.29097  6.07902  5.8569  5.62817  5.39408  5.15045  
