983914  614787  402903  275292  194809  141952  106016  80910.7  62873.4  49667.9  39816.9  32303.5  26481.8  21931.1  18329.9  15449.1  13103.7  11189.1  9614.46  8312.76  7229.22  6303.22  5530.12  4872.24  4310.15  3826.69  3409.33  3047.63  2732.82  2458.04  2216.18  2003.38  1816.04  1650.11  1502.51  1370.82  1253.49  1148.28  1054.01  969.243  892.79  823.655  761.13  704.417  652.877  605.958  563.246  524.151  488.384  455.608  
411124  282443  199091  143848  106465  80449.8  61923.7  48457.2  38495.1  30961.6  25192.7  20720.6  17200  14401.5  12152.9  10333.9  8840.03  7606.88  6583.3  5724.57  5002.56  4392.26  3872.79  3428.21  3045.94  2712.13  2424  2173.66  1955.29  1763.03  1594.12  1444.94  1312.79  1194.96  1090.39  996.675  913.093  838.069  770.602  709.747  654.787  605.009  559.887  518.853  481.457  447.394  417.13  388.615  362.47  338.479  
194043  142967  106390  80340.9  61622  47989.7  37898.5  30312.9  24527.8  20059.1  16562.4  13796.6  11584.8  9799  8344.35  7150.22  6163.48  5339.3  4649.56  4067.47  3573.44  3152.73  2791.98  2481.09  2212.06  1978.59  1775.05  1596.97  1440.77  1303.02  1181.46  1073.49  977.745  892.252  815.895  747.326  685.94  630.771  581.017  536.166  495.386  458.393  424.646  394.025  366.121  340.631  317.31  295.935  276.293  258.273  
99534.5  77278.4  60073.8  47046.9  37216.7  29748.7  24021.4  19584  16114.2  13373.1  11187.4  9427.15  7998.21  6829.09  5864.94  5064.5  4395.55  3833.21  3357.56  2953.3  2607.95  2311.8  2055.97  1834.25  1641.61  1474.28  1326.97  1198.04  1084.33  982.701  893.493  813.712  742.442  679.256  622.167  571.127  525.072  483.587  446.143  412.231  381.431  353.463  328.001  304.771  283.548  264.149  246.351  229.998  214.972  201.158  
54589.5  44135.5  35524  28651.4  23249.9  18992.9  15629.9  12960.5  10822.2  9100.02  7702.48  6559.93  5619.36  4839.57  4189.21  3643.14  3182.53  2792.4  2459.74  2175  1929.85  1719.13  1535.04  1374.34  1234.51  1112  1004.14  908.918  824.639  749.8  683.191  623.971  570.925  523.267  480.357  441.837  407.064  375.591  347.089  321.291  297.757  276.324  256.792  238.921  222.563  207.572  193.768  181.112  169.472  158.744  
31504.7  26303.8  21784.8  18020.9  14942.4  12443.5  10415.3  8766.24  7418.99  6313.38  5400.89  4644.72  4013.49  3484.27  3038.06  2660.39  2338.19  2063.2  1826.83  1622.98  1446.54  1293.11  1159.36  1042.05  939.281  848.766  768.787  697.918  635.269  579.323  529.175  484.317  444.038  408.097  375.127  345.673  319.018  295.181  273.215  253.22  235.175  218.543  203.343  189.26  176.516  165.015  153.996  144.203  135.075  126.651  
18960.4  16246.5  13776.9  11639.7  9834.41  8327.4  7077.5  6036.54  5171.16  4444.05  3839.25  3331  2903.31  2540.23  2229.77  1965.25  1737.63  1541.42  1371.69  1224.56  1096.09  983.777  885.388  798.795  722.429  655.337  595.29  541.943  493.934  451.418  413.354  379.088  348.293  320.525  295.602  272.892  252.244  233.396  216.371  200.856  186.675  173.72  161.837  150.982  140.97  131.797  123.337  115.533  108.333  101.679  
11817.9  10342.4  8945.79  7695.81  6608.68  5677.99  4887.64  4218.66  3652.07  3172.57  2765.74  2418.95  2123.06  1869.73  1651.91  1464.12  1301.54  1160.35  1037.58  930.235  836.165  753.423  680.602  616.071  558.919  508.158  462.924  422.576  386.437  354.091  324.884  298.613  274.965  253.516  234.103  216.511  200.466  185.894  172.592  160.449  149.346  139.162  129.833  121.256  113.417  106.146  99.437  93.2476  87.525  82.228  
7586.47  6756.7  5943.07  5192.1  4523.12  3937.32  3429.24  2991.84  2615.57  2292.32  2014.49  1775.31  1569.01  1390.45  1235.62  1101.1  983.854  881.357  791.499  712.521  642.902  581.402  526.989  478.6  435.438  397.005  362.646  331.828  304.12  279.273  256.855  236.573  218.217  201.595  186.5  172.791  160.255  148.856  138.401  128.852  120.097  112.095  104.682  97.8861  91.6245  85.8558  80.5079  75.5781  71.0464  66.8147  
4989.53  4508.88  4023.41  3563.12  3142.82  2768.74  2437.43  2146.14  1891.49  1672.74  1481.47  1314.68  1169.17  1042.29  931.313  834.177  748.921  673.932  607.654  549.167  497.386  451.361  410.401  373.867  341.215  311.92  285.686  261.977  240.724  221.526  204.167  188.441  174.191  161.234  149.421  138.661  128.835  119.884  111.66  104.09  97.1331  90.7453  84.8556  79.4296  74.4359  69.8245  65.5538  61.5993  57.9254  54.5244  
3351.88  3066.37  2768.71  2481.22  2213.27  1969.24  1750.39  1555.72  1383.41  1231.72  1098.2  980.75  877.68  786.878  706.973  636.318  573.849  518.582  469.592  425.973  387.096  352.465  321.467  293.793  268.88  246.471  226.287  208.092  191.62  176.732  163.359  151.056  139.864  129.665  120.277  111.794  104.022  96.8755  90.3419  84.3458  78.8358  73.7391  69.0423  64.7157  60.712  57.0073  53.5758  50.3941  47.4362  44.6922  
2291.27  2117.29  1933.24  1750.36  1576.44  1415.5  1268.72  1136.68  1018.35  912.798  819.241  736.065  662.253  596.847  538.83  487.221  441.346  400.408  363.917  331.291  302.122  275.976  252.483  231.341  212.279  195.1  179.567  165.509  152.751  141.166  130.635  121.038  112.282  104.297  96.9889  90.2949  84.1473  78.5007  73.3031  68.5285  64.1271  60.0628  56.3085  52.8366  49.6245  46.6488  43.8878  41.3216  38.9309  36.7157  
1593.48  1485.81  1368.81  1250.67  1136.35  1029.04  929.693  838.828  756.698  682.723  616.332  556.906  503.751  456.239  413.731  375.704  341.665  311.169  283.834  259.275  237.191  217.298  199.387  183.186  168.595  155.324  143.284  132.354  122.402  113.336  105.077  97.5353  90.6373  84.3211  78.5271  73.2147  68.3293  63.8377  59.6958  55.871  52.3312  49.0738  46.0586  43.2643  40.6764  38.2728  36.0572  33.9817  32.0501  30.252  
1123.8  1055.8  980.504  903.062  827.004  754.441  686.46  623.607  566.138  513.847  466.443  423.654  385.098  350.347  319.091  290.949  265.604  242.78  222.203  203.63  186.854  171.679  157.94  145.489  134.184  123.914  114.569  106.054  98.289  91.1975  84.7099  78.7767  73.334  68.3344  63.7411  59.5201  55.6286  52.0406  48.7291  45.6706  42.8406  40.2177  37.789  35.5402  33.4466  31.5024  29.695  28.0124  26.4439  24.9814  
802.633  758.972  709.875  658.486  607.327  557.817  510.821  466.872  426.373  389.1  355.062  323.976  295.802  270.286  247.226  226.338  207.381  190.221  174.666  160.564  147.79  136.162  125.588  115.972  107.22  99.2323  91.95  85.271  79.1793  73.6038  68.4909  63.8021  59.4944  55.5297  51.8819  48.5147  45.4059  42.5342  39.8792  37.4218  35.1425  33.0329  31.0708  29.2511  27.5585  25.984  24.5179  23.1497  21.8753  20.6838  
579.406  550.961  518.817  484.397  449.252  415.214  382.552  351.674  322.844  296.142  271.554  248.967  228.329  209.489  192.309  176.678  162.436  149.474  137.653  126.905  117.118  108.196  100.06  92.6373  85.8424  79.6314  73.9377  68.7336  63.9524  59.56  55.5204  51.8026  48.3813  45.221  42.3052  39.617  37.1297  34.8268  32.7056  30.7273  28.8822  27.1777  25.5976  24.1305  22.7568  21.4766  20.2827  19.1682  18.127  17.1536  
423.39  404.589  382.826  359.439  335.416  311.693  288.72  266.817  246.204  226.925  209.009  192.46  177.215  163.249  150.406  138.656  127.896  118.056  109.062  100.834  93.3012  86.4102  80.0998  74.3181  69.0165  64.1521  59.6829  55.5776  51.7974  48.3155  45.113  42.1573  39.4347  36.9159  34.5836  32.4285  30.4339  28.5826  26.8636  25.2672  23.7822  22.4032  21.1192  19.9234  18.8085  17.7675  16.7936  15.8851  15.0335  14.238  
311.326  298.77  284.045  268.049  251.487  234.906  218.692  203.079  188.232  174.248  161.174  149.026  137.755  127.346  117.741  108.904  100.777  93.3018  86.438  80.1335  74.3431  69.0225  64.1336  59.6381  55.501  51.6955  48.1894  44.9613  41.9859  39.2361  36.6974  34.3473  32.1714  30.1615  28.2984  26.5713  24.9668  23.4777  22.0959  20.8086  19.6096  18.4939  17.4522  16.4804  15.5724  14.7248  13.931  13.1892  12.4927  11.8421  
231.097  222.609  212.539  201.493  189.933  178.242  166.701  155.494  144.753  134.564  124.966  115.974  107.59  99.7977  92.5757  85.8863  79.7068  74.0083  68.7535  63.8993  59.4249  55.3056  51.5047  47.9994  44.7647  41.78  39.0211  36.4675  34.108  31.9301  29.9112  28.0407  26.3067  24.6972  23.2036  21.8149  20.5263  19.325  18.2069  17.1645  16.1927  15.2864  14.4401  13.6492  12.9098  12.2188  11.5709  10.9636  10.3942  9.86055  
172.756  166.962  160.021  152.323  144.192  135.893  127.615  119.525  111.72  104.258  97.183  90.5155  84.2617  78.4106  72.9651  67.8994  63.1983  58.8414  54.8006  51.0604  47.601  44.402  41.4376  38.6964  36.1594  33.8131  31.6387  29.6244  27.7562  26.024  24.4162  22.9233  21.5363  20.2471  19.0483  17.9316  16.8917  15.9222  15.018  14.1734  13.3857  12.6499  11.9612  11.3174  10.7143  10.1493  9.61944  9.12256  8.65567  8.21757  
130.09  126.088  121.262  115.854  110.094  104.163  98.2095  92.3396  86.6247  81.131  75.8872  70.9062  66.226  61.8235  57.6834  53.8383  50.248  46.8997  43.7913  40.9002  38.206  35.7179  33.407  31.2675  29.274  27.4272  25.7107  24.1159  22.6323  21.2526  19.9677  18.7874  17.6771  16.6398  15.6745  14.7736  13.9333  13.1491  12.4163  11.731  11.0916  10.4911  9.92929  9.40273  8.90978  8.44757  8.01305  7.60575  7.22282  6.86249  
98.5332  95.7452  92.3574  88.5332  84.4218  80.1884  75.8791  71.602  67.398  63.328  59.4217  55.7117  52.1854  48.8637  45.7323  42.7904  40.0335  37.4603  35.0573  32.8158  30.728  28.791  26.9802  25.2946  23.7244  22.2632  20.9034  19.6375  18.4577  17.359  16.3377  15.3831  14.492  13.6602  12.8841  12.1592  11.48  10.846  10.2546  9.69896  9.17863  8.69208  8.23422  7.80588  7.40355  7.02535  6.66993  6.3357  6.02121  5.72526  
75.0529  73.0999  70.7055  67.9821  65.0356  61.9847  58.8091  55.6728  52.5836  49.58  46.6717  43.884  41.226  38.7055  36.3218  34.0748  31.9624  29.9801  28.1223  26.384  24.758  23.2388  21.82  20.4938  19.2786  18.122  17.0251  16.0185  15.0796  14.2031  13.3845  12.6189  11.9035  11.2343  10.6091  10.0237  9.47594  8.96271  8.48167  8.03081  7.60731  7.21038  6.83748  6.48728  6.15834  5.84878  5.5575  5.2833  5.02566  4.78184  
57.5221  56.1393  54.4454  52.5296  50.4017  48.1586  45.8383  43.5338  41.2416  38.9996  36.8238  34.7262  32.7076  30.7761  28.9538  27.228  25.6005  24.0675  22.6241  21.2715  20.0058  18.8203  17.7013  16.6572  15.6785  14.7629  13.9055  13.1091  12.3587  11.6572  11.0049  10.3909  9.8181  9.28083  8.77135  8.29952  7.85428  7.43764  7.04457  6.67659  6.33076  6.00595  5.70045  5.41307  5.14263  4.88847  4.64855  4.42242  4.2093  4.00826  
44.2286  43.2506  42.0288  40.6242  39.0765  37.4466  35.7594  34.0528  32.3513  30.6744  29.0395  27.4542  25.9296  24.4698  23.0763  21.752  20.4977  19.3117  18.1923  17.1374  16.1452  15.2125  14.336  13.5136  12.7413  12.0166  11.3378  10.701  10.103  9.54264  9.01629  8.52333  8.06066  7.62662  7.21926  6.83656  6.47709  6.13937  5.82182  5.52323  5.24242  4.97819  4.72932  4.49492  4.2742  4.066  3.86957  3.68413  3.50962  3.34466  
34.1676  33.461  32.5836  31.5642  30.4401  29.2442  28.0005  26.735  25.4675  24.212  22.9793  21.7806  20.6208  19.5052  18.4378  17.4203  16.4517  15.5334  14.6631  13.8406  13.0639  12.3316  11.6419  10.9926  10.3812  9.80672  9.26615  8.75826  8.28099  7.83223  7.41046  7.01374  6.64093  6.29024  5.9607  5.65095  5.36011  5.08531  4.82703  4.58418  4.35512  4.13902  3.93556  3.74391  3.56295  3.39262  3.2312  3.07881  2.93481  2.79867  
26.4922  25.9741  25.3363  24.5948  23.7739  22.8933  21.9737  21.0314  20.0834  19.1402  18.2102  17.3015  16.3911  15.5403  14.7226  13.9393  13.1442  12.4362  11.7628  11.1243  10.5222  9.9517  9.41173  8.90199  8.43096  7.97703  7.54916  7.14608  6.76633  6.40892  6.07185  5.75441  5.45565  5.17432  4.90916  4.63195  4.40043  4.18032  3.97242  3.77644  3.5913  3.41665  3.25187  3.09658  2.94941  2.81052  2.67489  2.55099  2.43371  2.32271  
20.6266  20.2573  19.7933  19.2504  18.6464  17.9951  17.3111  16.6092  15.8974  15.1855  14.4805  13.7888  13.1139  12.4606  11.8299  11.2233  10.643  10.0878  9.55866  9.05536  8.57771  8.12462  7.69519  7.2893  6.90556  6.54345  6.20059  5.87725  5.57229  5.28433  5.01328  4.75711  4.51485  4.28679  4.0711  3.86792  3.67606  3.49504  3.32427  3.16271  3.01031  2.86615  2.7299  2.60118  2.47939  2.36423  2.25522  2.15209  2.05438  1.96187  
16.1012  15.8323  15.4928  15.0941  14.6471  14.1638  13.6551  13.1292  12.5943  12.0559  11.5217  10.9938  10.4781  9.97668  9.49039  9.02156  8.56984  8.14035  7.72726  7.33352  6.95773  6.60086  6.2618  5.94019  5.63634  5.34822  5.07522  4.81671  4.57245  4.34202  4.12357  3.91724  3.7224  3.53813  3.36349  3.19896  3.04346  2.89621  2.7574  2.62591  2.50155  2.38388  2.27256  2.1672  2.06742  1.97299  1.88348  1.79875  1.71834  1.64208  
12.6221  12.4248  12.1752  11.8806  11.5493  11.1895  10.8079  10.4135  10.0093  9.60178  9.19495  8.79179  8.39583  8.0092  7.63339  7.26981  6.91897  6.58193  6.25911  5.95004  5.655  5.37348  5.10556  4.8484  4.60652  4.37833  4.16072  3.95421  3.75843  3.57303  3.39738  3.23114  3.07365  2.92463  2.78354  2.64995  2.52361  2.4039  2.29064  2.18326  2.08176  1.98531  1.89409  1.80772  1.72602  1.64836  1.5747  1.50482  1.43876  1.37582  
9.92618  9.781  9.59648  9.37786  9.13025  8.86127  8.57642  8.27778  7.97218  7.66239  7.35213  7.04362  6.7392  6.44083  6.14991  5.86741  5.59367  5.32994  5.07744  4.83436  4.60291  4.38041  4.16844  3.96584  3.77306  3.58963  3.41543  3.24978  3.09242  2.94349  2.80225  2.66776  2.5401  2.41943  2.30507  2.19664  2.09368  1.99624  1.90391  1.81644  1.73347  1.65477  1.58003  1.50921  1.44192  1.37814  1.31749  1.25986  1.20517  1.15321  
7.80901  7.70178  7.56561  7.40438  7.2211  7.02164  6.80682  6.58175  6.34535  6.10978  5.87277  5.63647  5.40264  5.17209  4.9471  4.72691  4.51447  4.30921  4.11063  3.91997  3.73853  3.56306  3.39527  3.23466  3.08165  2.9358  2.79761  2.66529  2.53943  2.41978  2.30605  2.19759  2.09501  1.99762  1.90512  1.81704  1.73364  1.6545  1.57955  1.5082  1.4405  1.37617  1.31507  1.25696  1.20183  1.14943  1.09965  1.05234  1.00735  0.964538  
6.16511  6.08548  5.98382  5.86157  5.72387  5.57287  5.41075  5.24003  5.0641  4.88459  4.70287  4.52168  4.34128  4.1635  3.98904  3.81849  3.65259  3.49184  3.33605  3.18597  3.04153  2.90385  2.7708  2.64336  2.52157  2.40541  2.29441  2.18855  2.08768  1.99158  1.90008  1.81301  1.7302  1.65145  1.5765  1.5052  1.43741  1.37303  1.31179  1.25361  1.19829  1.14571  1.09573  1.04818  1.00293  0.959929  0.918961  0.880013  0.842972  0.807696  
4.88044  4.82107  4.74515  4.65438  4.55089  4.43642  4.31406  4.18444  4.05033  3.91278  3.7734  3.63383  3.49473  3.35704  3.22148  3.08873  2.95909  2.83303  2.71084  2.59263  2.47871  2.36891  2.26344  2.16233  2.06544  1.97251  1.88381  1.79904  1.718  1.64074  1.56703  1.49677  1.4298  1.36591  1.30515  1.2473  1.19224  1.13983  1.08994  1.04246  0.997262  0.954234  0.913306  0.874308  0.837174  0.801822  0.768176  0.736091  0.705501  0.676401  
3.86928  3.82493  3.76797  3.69978  3.62177  3.53554  3.44262  3.34416  3.24188  3.13669  3.02982  2.92222  2.81465  2.70794  2.60265  2.49904  2.39769  2.29926  2.20316  2.10993  2.01995  1.93308  1.85029  1.76979  1.69246  1.61834  1.54729  1.47923  1.41418  1.35204  1.29261  1.2359  1.18173  1.13012  1.08092  1.03395  0.989161  0.946517  0.905837  0.867082  0.830134  0.794944  0.761387  0.729406  0.698924  0.669891  0.642214  0.615828  0.590679  0.56665  
3.07278  3.03935  2.99668  2.94521  2.88636  2.82109  2.75042  2.67547  2.59693  2.51633  2.43415  2.35116  2.2679  2.18512  2.10309  2.02224  1.94297  1.86549  1.79006  1.71687  1.64586  1.57714  1.51077  1.44689  1.38535  1.3262  1.26939  1.21492  1.16276  1.11291  1.06515  1.01945  0.975732  0.934066  0.894217  0.85626  0.819894  0.785219  0.752105  0.720507  0.690524  0.661701  0.634242  0.608021  0.583031  0.559163  0.536398  0.514667  0.493933  0.474142  
2.4453  2.42024  2.38767  2.34888  2.30427  2.25468  2.20087  2.14366  2.08395  2.02205  1.95873  1.8946  1.82997  1.76558  1.7017  1.63867  1.57657  1.51575  1.4563  1.3984  1.34219  1.28767  1.23488  1.184  1.13495  1.08769  1.04226  0.99865  0.956639  0.916485  0.877995  0.84109  0.805776  0.772109  0.739808  0.708919  0.679359  0.651153  0.624179  0.598435  0.573826  0.550318  0.527915  0.506504  0.486012  0.466441  0.447747  0.429885  0.412816  0.396496  
1.94793  1.92906  1.90469  1.87531  1.84138  1.80371  1.76266  1.71891  1.67295  1.62532  1.57642  1.52653  1.47657  1.42648  1.37665  1.32726  1.27863  1.23098  1.1842  1.13856  1.09419  1.05106  1.00917  0.968712  0.929637  0.891956  0.855618  0.820688  0.787011  0.75469  0.723692  0.693952  0.665443  0.638144  0.611977  0.586913  0.562936  0.539936  0.517971  0.49691  0.476844  0.457639  0.439285  0.421732  0.404952  0.388929  0.373611  0.358924  0.344911  0.331493  
1.55428  1.53998  1.5215  1.49921  1.47324  1.44445  1.41308  1.37954  1.34425  1.30754  1.26988  1.23145  1.19265  1.15366  1.11479  1.07622  1.03812  1.00058  0.963494  0.927413  0.89235  0.858156  0.824954  0.792801  0.761599  0.731538  0.702453  0.674433  0.647263  0.621309  0.596318  0.57233  0.549555  0.527402  0.506189  0.485874  0.46638  0.447732  0.429971  0.412854  0.396469  0.38075  0.365728  0.351375  0.337621  0.324448  0.311844  0.299785  0.288242  0.277198  
1.24126  1.23044  1.21642  1.19944  1.18042  1.15844  1.13434  1.10859  1.08142  1.05312  1.02395  0.994185  0.964056  0.933709  0.90337  0.873162  0.843187  0.813669  0.784639  0.756171  0.728332  0.701216  0.674811  0.649172  0.624311  0.600364  0.577105  0.554529  0.53288  0.511955  0.491847  0.472507  0.453922  0.436044  0.418875  0.402402  0.38658  0.371404  0.35685  0.342891  0.329514  0.316698  0.304416  0.292654  0.281372  0.270569  0.260219  0.250287  0.240787  0.231686  
0.993003  0.984766  0.974087  0.961147  0.946156  0.929326  0.910912  0.891126  0.870194  0.848335  0.825765  0.802673  0.779223  0.755571  0.731838  0.708193  0.684863  0.66162  0.638597  0.61612  0.59414  0.572608  0.551646  0.531257  0.511455  0.492244  0.47363  0.455621  0.438228  0.421427  0.405252  0.389635  0.374615  0.360164  0.346271  0.332898  0.320062  0.307737  0.295899  0.284536  0.273623  0.263162  0.253132  0.243506  0.234274  0.225439  0.216965  0.208827  0.201036  0.193551  
0.794495  0.788224  0.780077  0.770201  0.758803  0.745913  0.731705  0.716463  0.700278  0.683396  0.66591  0.647998  0.629886  0.611438  0.592907  0.574383  0.555964  0.537646  0.519612  0.501819  0.484405  0.467362  0.45062  0.434384  0.418553  0.403269  0.388383  0.373973  0.359991  0.346511  0.333501  0.320983  0.308876  0.297234  0.285988  0.275106  0.264704  0.254689  0.245073  0.235832  0.226968  0.218419  0.210239  0.202387  0.194833  0.187605  0.180641  0.173968  0.167544  0.161399  
0.636998  0.632208  0.625986  0.618419  0.609637  0.599738  0.588857  0.577025  0.564567  0.551645  0.538084  0.524147  0.509921  0.495497  0.480988  0.466458  0.452008  0.437614  0.423388  0.409368  0.395578  0.382046  0.368793  0.355862  0.343235  0.330972  0.319062  0.307505  0.296313  0.285469  0.275002  0.264873  0.255106  0.245661  0.236557  0.227781  0.219332  0.211202  0.203388  0.195851  0.188615  0.181661  0.174965  0.168534  0.162348  0.156403  0.150695  0.14521  0.139935  0.134873  
0.510689  0.507051  0.502268  0.49647  0.489731  0.482125  0.47377  0.464716  0.455083  0.445034  0.434505  0.423655  0.412567  0.401296  0.389944  0.378549  0.367169  0.355817  0.344596  0.333509  0.322587  0.311852  0.30134  0.291052  0.28101  0.271222  0.261694  0.25244  0.243464  0.234754  0.226318  0.218157  0.210263  0.20264  0.195278  0.188178  0.181331  0.174731  0.168372  0.162248  0.156351  0.150675  0.145214  0.139969  0.134916  0.130056  0.125379  0.120889  0.116569  0.112418  
0.410113  0.407308  0.403657  0.399208  0.394024  0.388159  0.381695  0.374694  0.367224  0.359374  0.351208  0.342753  0.334107  0.325336  0.316428  0.307489  0.298534  0.289605  0.280748  0.271986  0.263326  0.254819  0.246461  0.238267  0.230246  0.222428  0.214815  0.207395  0.200172  0.193178  0.186393  0.179814  0.173447  0.16728  0.161326  0.155581  0.150023  0.144789  0.139617  0.134614  0.129808  0.125274  0.120805  0.116506  0.112276  0.108296  0.104384  0.100826  0.0971617  0.0937508  
0.329384  0.327238  0.324434  0.321014  0.317018  0.312505  0.307511  0.302095  0.296306  0.290054  0.283679  0.277115  0.270363  0.263488  0.256526  0.249508  0.242473  0.235452  0.228464  0.221545  0.214703  0.208026  0.201382  0.194859  0.188473  0.182226  0.176072  0.170227  0.164445  0.158825  0.153365  0.14807  0.142933  0.138006  0.133191  0.128534  0.124022  0.11968  0.115482  0.111493  0.107583  0.103809  0.100173  0.0966668  0.0932883  0.090033  0.0868969  0.0838766  0.0809679  0.078169  
0.264651  0.263002  0.260841  0.258214  0.255157  0.251656  0.247808  0.243626  0.239132  0.2344  0.229448  0.224318  0.21904  0.213658  0.208191  0.202674  0.197139  0.191603  0.186086  0.180606  0.175181  0.169821  0.164539  0.159339  0.154249  0.149265  0.144392  0.139636  0.135001  0.1305  0.126091  0.121825  0.117686  0.113676  0.109791  0.10603  0.102392  0.0988802  0.0954702  0.0921798  0.0890028  0.0859354  0.082975  0.0801188  0.0773634  0.0747048  0.0721433  0.0696713  0.0672894  0.064997  
0.212576  0.211304  0.209645  0.207618  0.205245  0.202551  0.199568  0.196324  0.192848  0.18917  0.185314  0.181317  0.177201  0.172996  0.168718  0.164386  0.160034  0.155673  0.151324  0.146994  0.142697  0.138451  0.13426  0.130135  0.126082  0.122109  0.118218  0.114419  0.110706  0.107092  0.10357  0.100145  0.0968165  0.0935952  0.0904594  0.0874213  0.0844761  0.0816209  0.0788618  0.0761932  0.0736133  0.0711232  0.0687139  0.0663909  0.0641424  0.0619923  0.0598909  0.0578786  0.0559263  0.0540452  
0.171075  0.170095  0.168815  0.16725  0.165416  0.163334  0.161023  0.158506  0.155802  0.152941  0.149935  0.146812  0.143595  0.140298  0.136939  0.133538  0.130114  0.126678  0.123237  0.119813  0.11641  0.113037  0.109706  0.106418  0.103188  0.100015  0.0969057  0.0938622  0.0908875  0.0879859  0.0851552  0.0823985  0.0797148  0.077109  0.0745764  0.0721187  0.0697352  0.067425  0.0651857  0.0630157  0.0609208  0.058893  0.0569307  0.0550353  0.0532038  0.0514335  0.0497247  0.0480748  0.0464896  0.0449442  
0.137615  0.136856  0.135867  0.134767  0.133349  0.131736  0.129944  0.127989  0.125888  0.12366  0.121317  0.118878  0.11636  0.113745  0.111111  0.108439  0.105742  0.10303  0.100238  0.0975309  0.0948379  0.092164  0.0895189  0.0869265  0.0843511  0.0818224  0.0793378  0.0769052  0.0745234  0.0721946  0.0699223  0.0677067  0.0655486  0.063448  0.0614067  0.0594226  0.0574949  0.0556251  0.0538132  0.0520563  0.0503551  0.048736  0.0471403  0.0455966  0.0441033  0.0426591  0.0412637  0.0399151  0.0386127  0.0373534  
