4.59555e+06  3.38165e+06  2.52131e+06  1.92994e+06  1.51582e+06  1.21781e+06  997636  830951  702074  600479  519130  453043  398665  353273  315210  282916  255289  231480  210820  192781  176941  162959  150557  139507  129621  120741  112736  105496  98926.7  92947.9  87491.4  82498.5  77918.2  73706.5  69825.3  66240.8  62923.6  59848.1  56991.3  54333.2  51855.6  49542.9  47380.7  45356.2  43458  41676  40000.8  38424.2  36938.5  35536.9  
1.59036e+06  1.29309e+06  1.03487e+06  833928  680678  563371  472812  401438  344668  298796  261293  230269  204346  182481  163879  147935  134182  122227  111779  102594  94480.3  87279.9  80862  75118.3  69958.1  65307.6  61100.4  57283  53808.4  50637.5  47734.7  45073  42625.5  40370.4  38288  36361.5  34575.2  32916.4  31373.1  29934.9  28592.7  27337.9  26163.5  25062.4  24028.9  23057.5  22143.4  21282.3  20470.1  19703.2  
674654  586977  495357  415797  350504  297686  254985  220172  191741  168239  148644  132171  118399  106455  96185.3  87297.2  79558.9  72784.1  66821.7  61548.9  56865  52686.6  48944.6  45581  42547  39801.6  37309.5  35061.5  32989.6  31093.6  29353.5  27754.1  26280.4  24919.5  23660.4  22493.2  21409.3  20401.1  19461.5  18584.8  17765.3  16990  16271.5  15597.1  14963.4  14367.2  13805.6  13275.9  12775.9  12303.3  
326994  297871  261709  227023  196510  170563  148741  130456  115091  102120  91099.1  81683.1  73592.6  66601  60525.5  55220.4  50562.4  46455.3  42817.1  39576.7  36681  34082.3  31748.1  29640.2  27730.3  25995.6  24415.6  22972.6  21652.1  20440.4  19325.9  18298.6  17349  16468.4  15654.3  14898.5  14195.6  13540.6  12929.2  12357.7  11822.6  11321  10850.2  10407.9  9991.67  9599.55  9229.79  8880.73  8550.88  8238.86  
175145  164541  149071  132833  117589  103993  92138.8  81902.7  73086.9  65491.6  58934.4  53248.8  48302.2  43982.6  40204.1  36859  33898.5  31269.5  28923.2  26823.1  24936.8  23237.1  21701.3  20308.7  19043  17888.9  16834.2  15867.6  14979.9  14163.1  13409.8  12713.9  12069.7  11472.4  10917.9  10402  9921.05  9472.11  9052.44  8659.6  8291.39  7945.76  7620.89  7315.3  7027.44  6756  6499.74  6257.59  6028.53  5811.64  
100364  96764.3  89879.7  81858.6  73854.1  66382.5  59644.4  53665  48396.3  43771.4  39705.4  36131.1  32983.8  30203.8  27715.7  25549.4  23595.7  21847.6  20280.7  18868  17592.3  16439.1  15389.6  14435  13564.5  12767.4  12036.4  11364.7  10746.2  10175.6  9648.09  9159.57  8706.36  8285.21  7893.21  7527.77  7186.6  6867.63  6569  6289.04  6026.26  5779.3  5546.93  5328.05  5121.63  4926.78  4742.64  4568.46  4403.55  4247.26  
60994.5  59859.4  56727.1  52623.2  48251.4  43988.7  40010.1  36384.1  33120.6  30201.9  27603.1  25286.3  23222  21377.4  19727.5  18248.6  16919.6  15722.4  14641.4  13662.8  12774.6  11966.6  11229.7  10556.3  9940.52  9375.21  8854.74  8374.42  7931.15  7521.02  7140.95  6788.18  6460.18  6154.75  5869.93  5603.96  5355.23  5122.3  4903.88  4698.82  4506.06  4324.67  4153.78  3992.61  3840.43  3696.84  3560.99  3432.17  3310.06  3194.23  
38830.6  38566.4  37118.6  34995  32546.4  30050.6  27637.3  25377.4  23301.7  21410.6  19698.3  18153.4  16760.5  15504.8  14371.9  13347.1  12420  11579.5  10816.6  10122.8  9489.87  8911.56  8381.94  7896.47  7449.93  7038.65  6659.16  6308.31  5983.46  5682.24  5402.42  5142.19  4899.54  4673.22  4461.74  4263.89  4078.25  3903.69  3740.19  3586.6  3442.03  3305.81  3177.2  3056.07  2941.39  2832.88  2730.13  2632.75  2540.45  2452.73  
25658.5  25718.3  25045.8  23892.5  22490  20994.4  19496.6  18057.7  16709.2  15461.8  14317.2  13270.5  12315.6  11446.9  10656.3  9936.09  9281.39  8682.75  8136.29  7635.6  7176.76  6755.68  6368.47  6011.93  5682.85  5379.4  5094  4835.65  4594.79  4369.54  4159.83  3964.29  3781.72  3611.02  3451.25  3301.92  3161.39  3029.35  2905.15  2788.2  2677.96  2573.94  2475.7  2382.83  2294.94  2211.7  2132.79  2057.92  1986.82  1919.26  
17485.1  17657  17339.6  16723.5  15909.8  14996.6  14053.4  13125.2  12233.1  11392.6  10611  9887.91  9222.02  8609.34  8045.94  7529.36  7055.42  6620.2  6220.97  5853.78  5515.74  5204.07  4916.28  4650.25  4403.94  4175.51  3963.49  3766.36  3582.89  3411.87  3252.25  3103.11  2963.55  2832.85  2710.3  2595.25  2487.08  2385.3  2289.42  2199  2113.66  2033.03  1956.78  1884.6  1816.23  1751.4  1689.88  1631.46  1575.93  1523.1  
12188.3  12361.8  12263.2  11936.3  11457.6  10893.8  10289.8  9679.21  9081.87  8509.62  7969.07  7462.52  6990.64  6553.14  6148.28  5774.13  5428.19  5108.91  4814.1  4541.86  4289.53  4056.11  3839.77  3638.74  3452.39  3279.06  3117.6  2967.02  2826.47  2695.14  2572.29  2457.27  2349.52  2248.42  2153.34  2063.87  1979.64  1900.26  1825.38  1754.66  1687.83  1624.6  1564.73  1508  1454.2  1403.13  1354.62  1308.5  1264.62  1222.85  
8680.62  8847.76  8838.91  8673.33  8395.5  8035.76  7645.51  7240.37  6835.57  6440.83  6062.43  5703.47  5365.93  5049.87  4755  4480.43  4225.2  3988.08  3767.86  3563.26  3373.14  3196.34  3031.89  2878.79  2736.11  2602.95  2478.58  2362.34  2253.59  2151.71  2056.21  1966.56  1882.34  1803.14  1728.59  1658.34  1592.1  1529.57  1470.48  1414.6  1361.56  1311.48  1264  1218.95  1176.18  1136.48  1097.99  1061.2  1026.14  992.736  
6310.76  6443.55  6466.15  6397.07  6229.75  6017.18  5763.89  5492.51  5214.82  4939.53  4671.48  4413.99  4169.52  3938.53  3721.28  3517.56  3326.92  3148.75  2982.39  2827.09  2682.13  2546.81  2420.42  2302.35  2191.92  2088.59  1991.78  1901.02  1815.92  1736.01  1660.92  1590.29  1523.79  1461.16  1402.09  1346.35  1293.7  1243.92  1196.81  1152.2  1109.88  1069.7  1031.62  995.458  961.103  928.425  897.331  867.703  839.463  812.53  
4654.5  4765.38  4809.09  4776.71  4682.41  4547.38  4380.97  4198.42  4007.27  3814.3  3623.66  3438.52  3260.73  3091.04  2930.02  2777.97  2634.8  2500.25  2373.94  2255.46  2144.35  2040.2  1942.57  1851.01  1765.1  1684.47  1608.74  1537.57  1470.65  1407.66  1348.33  1292.43  1239.69  1189.9  1142.88  1098.43  1056.37  1016.54  978.81  943.029  909.077  876.843  846.213  817.052  789.329  762.923  737.774  713.785  690.903  669.055  
3482.4  3572.24  3617.4  3614.29  3566.79  3485.4  3379.27  3246.43  3113.22  2977.33  2840.53  2705.88  2575.17  2449.38  2329.14  2214.79  2106.39  2003.88  1907.08  1815.89  1730  1649.15  1573.07  1501.48  1434.09  1370.64  1310.83  1254.46  1200.96  1150.86  1103.63  1059.01  1016.85  976.972  939.237  903.503  869.641  837.53  807.073  778.159  750.684  727.213  702.422  678.702  656.052  634.449  613.862  594.221  575.46  557.535  
2632.6  2701.19  2744.07  2752.91  2728.8  2678.32  2608.39  2525.12  2433.46  2337.19  2238.94  2140.96  2044.67  1951.12  1860.92  1774.48  1692.04  1613.6  1539.19  1468.73  1402.08  1339.12  1279.57  1223.34  1170.24  1120.1  1072.75  1028.01  985.726  945.75  907.936  872.135  838.246  806.141  775.727  746.877  719.485  693.467  668.741  645.23  622.86  601.565  581.28  561.948  543.511  525.92  509.126  493.082  477.748  463.084  
2016.12  2071.47  2110.99  2123.48  2112.06  2082.71  2038.65  1983.01  1919.45  1851.38  1780.32  1708.71  1637.25  1567.33  1499.09  1433.26  1370.15  1309.69  1252.02  1197.1  1144.98  1095.46  1048.53  1004.05  961.914  922.001  884.2  848.394  814.472  782.324  751.85  722.953  695.542  669.519  644.802  621.33  599.003  577.779  557.576  538.349  520.035  502.574  485.927  470.043  454.878  440.394  426.553  413.318  400.655  388.538  
1554.47  1596.45  1629.16  1645.59  1645.07  1629.67  1602.26  1565.59  1521.94  1473.5  1422.31  1369.34  1316.06  1263.55  1211.95  1161.71  1113.2  1066.5  1021.7  978.842  937.965  899.001  861.916  826.664  793.23  761.679  731.553  702.807  675.525  649.602  624.981  601.578  579.329  558.18  538.058  518.914  500.69  483.188  466.645  450.875  435.834  421.582  407.866  394.763  382.239  370.27  358.817  347.855  337.36  327.306  
1208.72  1242.17  1268.64  1281.38  1288.18  1283.75  1266.96  1242.51  1212.34  1178.17  1141.56  1103.19  1064.02  1024.49  985.335  946.928  909.493  873.248  838.323  804.74  772.498  741.743  712.353  684.277  657.513  631.983  607.668  584.09  562.014  540.983  521.018  502.004  483.897  466.645  450.205  434.542  419.6  405.353  391.757  378.777  366.38  354.535  343.214  332.388  322.029  312.114  302.607  293.512  284.796  276.439  
947.913  973.532  996.724  1012.76  1019.67  1017.66  1007.52  991.696  971.022  946.743  919.926  891.414  861.965  832.135  802.325  772.809  743.946  715.848  688.585  662.254  636.864  612.479  589.103  566.722  545.309  524.843  505.293  486.625  468.819  451.828  435.601  420.148  405.385  391.313  377.872  365.037  352.814  341.048  329.854  319.155  308.925  299.134  289.765  280.794  272.205  263.971  256.081  248.513  241.254  234.286  
747.921  767.713  786.503  800.759  808.55  809.584  804.992  795.126  781.132  764.32  744.941  724.236  702.444  680.134  657.54  634.949  612.626  590.746  569.373  548.609  528.52  509.126  490.438  472.495  455.27  438.754  422.936  407.79  393.304  379.443  366.191  353.53  341.421  329.843  318.769  308.16  297.994  288.286  278.996  270.116  261.619  253.485  245.676  238.199  231.035  224.158  217.558  211.229  205.151  199.312  
593.543  609.208  624.889  637.502  643.589  646.471  644.245  638.665  630.22  618.618  604.971  589.83  573.669  556.831  539.645  522.316  505.053  487.994  471.241  454.886  438.976  423.557  408.649  394.264  380.413  367.089  354.288  342  330.214  318.914  308.084  297.707  287.767  278.244  269.123  260.385  252.013  243.992  236.305  228.937  221.873  215.099  208.602  202.368  196.387  190.644  185.128  179.829  174.736  169.841  
473.46  485.621  497.893  508.26  515.48  518.996  519.12  516.163  510.536  502.68  493.038  482.109  470.021  457.332  444.241  430.943  417.581  404.277  391.163  378.262  365.602  353.308  341.386  329.835  318.672  307.902  297.523  287.57  277.962  268.729  259.861  251.344  243.141  235.296  227.769  220.546  213.61  206.958  200.576  194.451  188.571  182.925  177.502  172.294  167.289  162.479  157.855  153.409  149.132  145.017  
380.334  389.86  399.578  408.367  414.812  418.698  419.797  418.452  415.11  409.671  402.828  394.838  385.988  376.516  366.579  356.375  346.036  335.66  325.341  315.149  305.133  295.344  285.787  276.51  267.509  258.787  250.36  242.223  234.377  226.834  219.56  212.563  205.834  199.363  193.144  187.165  181.42  175.897  170.59  165.489  160.585  155.871  151.339  146.98  142.787  138.754  134.872  131.136  127.539  124.075  
305.844  313.379  321.774  329.568  335.607  339.947  342.084  340.349  338.314  335.155  330.374  324.661  318.227  311.172  303.644  295.837  287.775  279.657  271.531  263.47  255.466  247.63  239.963  232.506  225.21  218.142  211.289  204.652  198.243  192.052  186.085  180.32  174.763  169.412  164.256  159.297  154.516  149.915  145.49  141.23  137.13  133.184  129.385  125.728  122.21  118.825  115.56  112.414  109.384  106.464  
247.21  253.15  259.761  266.056  271.25  274.904  276.962  277.59  276.711  274.512  271.306  267.264  262.53  257.247  251.562  245.571  239.407  233.114  226.742  220.38  214.056  207.803  201.661  195.624  189.747  184.014  178.441  173.03  167.788  162.708  157.798  153.049  148.463  144.037  139.765  135.646  131.674  127.845  124.155  120.598  117.173  113.873  110.693  107.623  104.67  101.819  99.0703  96.3889  93.8218  91.3537  
200.482  205.125  210.414  215.096  219.189  223.093  225.175  226.132  226.061  224.99  222.96  220.146  216.75  212.881  208.612  204.035  199.28  194.392  189.435  184.431  179.411  174.429  169.518  164.681  159.932  155.286  150.753  146.339  142.053  137.885  133.851  129.94  126.152  122.493  118.955  115.538  112.253  109.072  105.99  103.02  100.154  97.3855  94.716  92.1399  89.6528  87.2534  84.9374  82.7018  80.5433  78.4592  
163.201  166.926  171.258  175.544  179.405  182.273  184.345  185.476  185.682  185.094  183.812  181.958  179.538  176.688  173.42  169.972  166.312  162.514  158.626  154.657  150.689  146.724  142.778  138.879  135.038  131.265  127.579  123.974  120.462  117.047  113.726  110.502  107.375  104.29  101.357  98.5232  95.7774  93.1182  90.55  88.0728  85.6709  83.3539  81.1158  78.9529  76.8637  74.8451  72.8958  71.0113  69.1895  67.4386  
133.218  136.19  139.699  143.273  146.52  149.213  151.198  152.446  152.966  152.828  152.118  150.845  149.138  147.059  144.666  141.974  139.123  136.171  133.117  130.017  126.854  123.683  120.519  117.371  114.266  111.188  108.184  105.24  102.369  99.5611  96.8263  94.1646  91.5776  89.0558  86.6188  84.2557  81.9659  79.7478  77.6001  75.5212  73.5094  71.5629  69.6804  67.846  66.0846  64.3809  62.7611  61.1399  59.5989  58.107  
109.082  111.419  114.258  117.193  119.928  122.304  124.16  125.455  126.117  126.283  125.972  125.195  124.041  122.561  120.814  118.858  116.705  114.429  112.052  109.605  107.107  104.58  102.038  99.5079  96.9928  94.5108  92.0607  89.656  87.2932  84.9834  82.7245  80.5221  78.3766  76.2888  74.2614  72.2913  70.3761  68.5187  66.7181  64.9694  63.2774  61.6363  60.0457  58.5039  57.014  55.5716  54.1747  52.8223  51.5128  50.2449  
89.5566  91.4732  93.8403  96.2627  98.4934  100.504  102.11  103.294  104.029  104.335  104.253  103.801  103.018  101.951  100.676  99.2071  97.5685  95.8087  93.9626  92.0348  90.0604  88.0558  86.0311  84.0004  81.9741  79.9572  77.9673  76.0067  74.0768  72.1819  70.3253  68.5112  66.7411  65.0151  63.3327  61.6953  60.1031  58.5558  57.053  55.5943  54.178  52.8025  51.4704  50.178  48.9246  47.7106  46.5345  45.3943  44.2898  43.2189  
73.5923  75.0934  76.9835  79.0161  80.9866  82.7602  84.2255  85.2493  86.0231  86.2315  86.5454  86.3105  85.6429  84.9266  84.1943  83.1559  81.9318  80.5912  79.1589  77.6514  76.0992  74.5077  72.8844  71.2472  69.571  67.9423  66.3223  64.7159  63.1667  61.6097  60.0827  58.5803  57.0794  55.6517  54.2483  52.8792  51.5573  50.2631  49.0058  47.7825  46.5757  45.4228  44.3009  43.2111  42.1508  41.127  40.1314  39.1637  38.2186  37.31  
60.6475  61.8501  63.3578  65.0075  66.6438  68.1647  69.5359  70.5373  71.3124  71.8058  71.9966  71.9415  71.6633  71.1935  70.5244  69.7131  68.8001  67.7353  66.6227  65.4427  64.2161  62.9514  61.6607  60.3521  59.0337  57.7136  56.3972  55.0883  53.7942  52.5167  51.2584  50.0221  48.8096  47.6216  46.4588  45.3233  44.2152  43.1346  42.0815  41.0562  40.0584  39.0877  38.1438  37.2262  36.3344  35.468  34.6264  33.809  33.0153  32.2447  
50.1048  51.0692  52.305  53.6631  55.0349  56.4765  57.4556  58.3853  59.1004  59.5877  59.8545  59.916  59.8017  59.5226  59.0983  58.5347  57.8534  57.0851  56.239  55.3284  54.3656  53.3655  52.3335  51.2844  50.222  49.1543  48.0844  47.0161  45.9583  44.9087  43.8721  42.8508  41.8462  40.8601  39.8925  38.9465  38.0195  37.1155  36.2325  35.37  34.5307  33.712  32.9158  32.1404  31.3858  30.6523  29.9382  29.2449  28.5701  27.9146  
41.4615  42.2468  43.2566  44.3773  45.5236  46.5807  47.5529  48.3789  49.0324  49.5108  49.8102  49.9493  49.9313  49.771  49.4862  49.0889  48.5963  48.0229  47.3795  46.6787  45.9308  45.1453  44.3289  43.4927  42.6403  41.7773  40.9101  40.042  39.1767  38.3171  37.4652  36.6234  35.7934  34.9763  34.1739  33.3877  32.6164  31.8613  31.1232  30.4018  29.6978  29.011  28.3413  27.6886  27.0535  26.4343  25.8314  25.2447  24.6737  24.1182  
34.3496  34.9821  35.8061  36.7438  37.7041  38.6395  39.4355  40.1738  40.7533  41.2161  41.5098  41.706  41.7629  41.7125  41.547  41.2836  40.931  40.5056  40.0181  39.48  38.897  38.2809  37.6381  36.9662  36.2757  35.5822  34.8714  34.1636  33.4611  32.7507  32.0501  31.3593  30.6712  29.9962  29.3277  28.6702  28.0272  27.3969  26.7792  26.1746  25.5828  25.0053  24.4414  23.891  23.3541  22.8311  22.3209  21.824  21.34  20.8684  
28.4918  29.009  29.6824  30.4483  31.2627  32.0492  32.7822  33.4043  33.9357  34.3506  34.6742  34.8625  34.9422  34.9219  34.815  34.6338  34.3792  34.0629  33.6951  33.2827  32.8315  32.3502  31.8415  31.3104  30.7636  30.2051  29.638  29.0662  28.4898  27.9147  27.3412  26.7713  26.2063  25.6475  25.096  24.5524  24.0139  23.4889  22.9733  22.4688  21.9742  21.4902  21.0172  20.555  20.1034  19.6625  19.2323  18.8127  18.4034  18.0044  
23.659  24.0747  24.6191  25.2496  25.921  26.5854  27.201  27.7553  28.2306  28.6033  28.9026  29.1197  29.2476  29.2889  29.2442  29.1296  28.9418  28.7147  28.4466  28.1337  27.7835  27.4089  27.0102  26.5904  26.1578  25.7106  25.2545  24.7908  24.3243  23.8549  23.3852  22.917  22.4511  21.989  21.5338  21.0829  20.6384  20.2003  19.7696  19.3468  18.932  18.5254  18.1271  17.7375  17.3568  16.9862  16.6219  16.2655  15.9182  15.5798  
19.6775  20.0078  20.4576  20.9741  21.5227  22.068  22.6059  23.0925  23.5157  23.8729  24.1523  24.3635  24.5024  24.5642  24.5655  24.5182  24.4119  24.2567  24.0545  23.8231  23.5598  23.2706  22.9586  22.6282  22.2822  21.9236  21.5485  21.1731  20.7927  20.409  20.0236  19.6383  19.254  18.872  18.493  18.1178  17.7472  17.3818  17.0218  16.6677  16.3197  15.9782  15.6433  15.315  14.993  14.6784  14.3708  14.07  13.776  13.4892  
16.3884  16.6523  17.0193  17.4456  17.9091  18.3796  18.8335  19.2543  19.6069  19.915  20.1752  20.3788  20.5239  20.6091  20.6422  20.6241  20.5618  20.4581  20.318  20.1468  19.9476  19.7251  19.4841  19.2237  18.9487  18.661  18.3648  18.0625  17.7544  17.4419  17.1269  16.8109  16.4947  16.1798  15.8663  15.5552  15.2473  14.943  14.6425  14.3465  14.055  13.7686  13.4873  13.2107  12.9399  12.6741  12.4142  12.1599  11.911  11.6677  
13.6617  13.888  14.1882  14.5463  14.9312  15.3242  15.7053  16.0537  16.3693  16.6501  16.8876  17.0748  17.2152  17.3101  17.3603  17.3688  17.3401  17.2768  17.1844  17.0625  16.9161  16.7476  16.5601  16.357  16.141  15.9137  15.6771  15.4327  15.1776  14.9236  14.6659  14.4067  14.1465  13.8869  13.6278  13.3699  13.1137  12.8602  12.6094  12.3619  12.1179  11.8771  11.6406  11.4091  11.1809  10.957  10.737  10.5226  10.312  10.1055  
11.3864  11.568  11.8121  12.1078  12.4258  12.7536  13.0783  13.3883  13.6742  13.9154  14.1279  14.2985  14.4354  14.5317  14.5909  14.616  14.6083  14.5713  14.5084  14.4197  14.3093  14.1804  14.0368  13.879  13.7093  13.5289  13.3399  13.1444  12.943  12.7373  12.5281  12.3167  12.1039  11.8904  11.6766  11.4635  11.2516  11.041  10.8324  10.6261  10.4222  10.2211  10.0227  9.82743  9.63561  9.44723  9.26216  9.08061  8.90254  8.72801  
9.50995  9.65473  9.85659  10.0972  10.3641  10.6426  10.9195  11.1828  11.4238  11.6413  11.8226  11.9801  12.0996  12.1945  12.2591  12.2945  12.3034  12.2876  12.2524  12.1934  12.1159  12.0171  11.909  11.7884  11.6558  11.5137  11.3634  11.2067  11.0445  10.878  10.708  10.5355  10.361  10.1857  10.0097  9.83364  9.65802  9.4834  9.30988  9.13784  8.96765  8.79946  8.63352  8.46987  8.30863  8.15006  7.99418  7.84102  7.69073  7.54315  
7.93977  8.0636  8.23228  8.42884  8.6499  8.88102  9.11203  9.33408  9.5436  9.733  9.90029  10.0396  10.1558  10.2474  10.3271  10.3561  10.3757  10.3743  10.3532  10.3144  10.2587  10.1899  10.1076  10.0153  9.91279  9.8001  9.68195  9.55729  9.42762  9.29354  9.15595  9.01578  8.87348  8.72957  8.58505  8.43966  8.29415  8.14937  8.00513  7.86195  7.71991  7.57928  7.44024  7.30308  7.1676  7.03415  6.9028  6.77349  6.64652  6.52168  
6.64243  6.74238  6.87919  7.04183  7.22381  7.41922  7.61517  7.80261  7.97962  8.14383  8.29033  8.41953  8.52572  8.60871  8.6726  8.71767  8.74389  8.7522  8.74372  8.72076  8.68392  8.63484  8.57507  8.50503  8.42637  8.3401  8.24693  8.14799  8.04419  7.93609  7.82509  7.71081  7.59466  7.47698  7.35851  7.23898  7.11919  6.99932  6.87971  6.76059  6.64221  6.52476  6.40848  6.29346  6.17981  6.06766  5.95709  5.84817  5.74083  5.63536  
5.55594  5.63526  5.74741  5.88369  6.03417  6.19747  6.36047  6.52082  6.66939  6.8111  6.93633  7.03034  7.1265  7.19563  7.252  7.29981  7.32716  7.35743  7.39256  7.3817  7.35866  7.32386  7.28021  7.22715  7.16747  7.10658  7.02715  6.93942  6.80233  6.71588  6.62319  6.53023  6.436  6.3405  6.24351  6.19472  6.09605  5.99697  5.89797  5.79903  5.70059  5.60275  5.5093  5.41324  5.31769  5.22346  5.13049  5.0429  4.95257  4.86361  
4.64849  4.71522  4.80704  4.91942  5.04631  5.18267  5.31992  5.45762  5.58784  5.71074  5.82387  5.92502  6.00402  6.07537  6.13534  6.18307  6.21947  6.23974  6.24792  6.2455  6.23264  6.21034  6.17976  6.14151  6.09616  6.04484  5.98798  5.92642  5.861  5.79175  5.71947  5.64462  5.56776  5.48925  5.40939  5.32848  5.24698  5.16496  5.08278  5.00054  4.91859  4.83689  4.75561  4.67502  4.59507  4.51612  4.43793  4.36069  4.28446  4.20931  
3.89096  3.94539  4.02103  4.11292  4.21702  4.32806  4.44328  4.55841  4.67005  4.77572  4.87144  4.95939  5.03659  5.10316  5.15874  5.20184  5.23493  5.25844  5.2717  5.27607  5.27129  5.25691  5.23597  5.20899  5.17799  5.14049  5.0973  5.04894  4.99702  4.9419  4.88414  4.82421  4.76208  4.69828  4.63258  4.56583  4.4987  4.43103  4.36291  4.2948  4.22665  4.15869  4.091  4.02368  3.95683  3.89058  3.82492  3.76001  3.69588  3.63258  
3.2608  3.30505  3.36538  3.44122  3.52898  3.62243  3.71921  3.81601  3.91088  4.00147  4.10931  4.16326  4.23175  4.29159  4.34158  4.38257  4.41479  4.43977  4.45472  4.46167  4.46146  4.45436  4.44072  4.42147  4.39696  4.36807  4.33471  4.29827  4.25774  4.21442  4.1685  4.12071  4.07076  4.0191  3.96599  3.91188  3.85691  3.80132  3.7453  3.68899  3.63251  3.57602  3.51964  3.46352  3.40765  3.35217  3.29714  3.24261  3.18866  3.13537  
2.72923  2.76618  2.8185  2.88188  2.95697  3.03116  3.11282  3.19473  3.27503  3.35168  3.42748  3.4923  3.55404  3.60676  3.65255  3.6905  3.72122  3.74426  3.76043  3.76987  3.77337  3.77113  3.76336  3.75065  3.73319  3.71157  3.68638  3.65744  3.62582  3.59154  3.55496  3.51632  3.47571  3.43373  3.39067  3.34659  3.3016  3.25599  3.20994  3.16344  3.11674  3.07  3.02318  2.97644  2.92986  2.88354  2.83745  2.79179  2.74657  2.70178  
