2.78823e+06  2.31608e+06  1.92073e+06  1.60496e+06  1.35523e+06  1.15686e+06  998116  869761  764797  678199  606052  545333  493860  449852  411965  379136  350525  325442  303339  283760  266357  250815  236876  224369  213023  202779  193461  184973  177220  170112  163596  157592  152059  146944  142209  137818  133732  129931  126395  123089  119997  116830  114118  111570  109180  106932  104808  102806  100919  99131.5  
924552  822790  721052  629333  550111  482842  425955  378018  337427  302860  273297  247839  225826  206685  189933  175215  162238  150726  140481  131327  123119  115732  109062  103023  97539.7  92545.1  87990.6  83816.7  79987.9  76465.7  73219.9  70223.5  67450.7  64882.2  62496.7  60278.3  58212.2  56284.1  54481.9  52794.7  51224.1  49735.3  48342  47023.8  45790.2  44625.2  43525.4  42486.6  41504.2  40574.4  
373906  348407  317972  287153  258264  232174  209028  188668  170838  155120  141420  129380  118765  109378  101051  93680.1  87062.2  81145.6  75848.1  71065.5  66720.4  62808.3  59227.4  55965  52984.7  50256.1  47752.3  45449.5  43326.6  41368  39557.3  37878.6  36320.1  34885.6  33535.6  32275.4  31099.2  29999.2  28968.8  28002.2  27094.7  26241.4  25438.3  24681.1  23966.6  23292.1  22654.5  22051.2  21479.8  20938.3  
171714  165199  155311  144040  132608  121629  111428  102107  93667.9  86068.8  79250.7  73138.5  67655.1  62727.8  58294.8  54295.5  50685.7  47420.3  44455.5  41764.5  39311.5  37073.1  35026.3  33152.3  31428.9  29841  28376.5  27025.2  25774.4  24614.2  23534.5  22530.5  21597.2  20727  19914.1  19153.8  18441.7  17774  17147.1  16557.8  16003.2  15480.8  14988  14522.9  14083.4  13667.9  13274.5  12901.7  12548.1  12212.5  
86873.8  85290.5  81973  77639.9  72843.4  67965.4  63206.4  58696.8  54488.1  50597.2  47024.1  43751.2  40766.9  38045.4  35569.4  33305.3  31240.7  29352.9  27624  26038  24581.8  23243.4  22011.4  20874  19825.4  18855.1  17956.3  17121.3  16344.4  15621.4  14947.7  14319.8  13733.2  13183.9  12669.8  12186.5  11733.8  11307.9  10906.7  10530.1  10173.9  9838.04  9520.5  9220.16  8940.44  8671.14  8417.39  8174.3  7943.39  7723.45  
46922.4  46895.3  45875.3  44192.9  42121.1  39870.4  37565  35293.1  33106.6  31035.6  29089.3  27276.1  25593  24034.1  22597.9  21268.5  20041.4  18907.3  17860.7  16896.4  16001.4  15173.3  14404.2  13696  13034.4  12419.2  11846.4  11311.9  10813.7  10348.2  9912.77  9497.86  9115.79  8757.46  8413.71  8097.36  7799.43  7530  7264.61  7014.04  6777.22  6553.21  6341.12  6140.12  5949.53  5768.64  5596.74  5433.41  5278.02  5130.1  
26843.1  27120.4  26887.6  26261.9  25356.3  24296.1  23153.5  21980.6  20814.5  19679.4  18589.7  17554.4  16576.9  15658.7  14799.1  13996.6  13248.1  12550.1  11900.1  11295  10731.3  10205.8  9715.64  9258.05  8830.89  8431.66  8057.92  7707.89  7379.87  7072.21  6783.37  6511.93  6256.77  6016.61  5790.45  5578.48  5377.07  5186.46  5006.14  4835.43  4673.88  4520.73  4375.08  4236.84  4105.77  3981.18  3862.72  3749.93  3642.56  3540.16  
16068.1  16354.2  16380.9  16177.7  15792.6  15297  14713.7  14094.1  13460.3  12822.9  12200.3  11595.2  11015.5  10464  9939.72  9444.37  8977.48  8539.41  8126.36  7738.55  7374.97  7033.66  6713.52  6416.36  6133.83  5868.4  5618.94  5384.1  5163.55  4955.84  4759.87  4578.63  4404.21  4239.5  4084.03  3936.92  3797.81  3666.1  3541.24  3422.84  3310.33  3203.59  3102.21  3005.65  2913.83  2826.26  2742.85  2663.21  2587.28  2514.78  
9980.94  10206.2  10293.8  10252.6  10103.8  9872.42  9584.24  9259.22  8909.26  8548.06  8186.37  7827.13  7477.29  7139.04  6814.14  6503.6  6207.73  5926.61  5660.29  5408.02  5169.45  4944.29  4732.15  4531.32  4341.8  4162.78  3993.84  3834.22  3683.29  3540.78  3406.23  3278.8  3157.94  3043.69  2935.23  2832.37  2734.81  2642.22  2554.19  2470.53  2390.99  2315.26  2243.16  2174.5  2109.02  2046.62  1986.29  1929.26  1874.83  1823  
6390.93  6554.73  6651.2  6670.72  6624.71  6523  6377.93  6205.03  6012.22  5806.88  5594.53  5380.05  5166.76  4957.15  4752.52  4554.94  4364.5  4181.94  4007.37  3840.87  3682.31  3531.53  3388.17  3252.08  3123.15  3000.61  2884.38  2774.22  2669.91  2570.92  2476.87  2387.55  2302.73  2222.11  2145.48  2072.61  2003.26  1937.24  1874.36  1814.45  1757.35  1702.9  1651.34  1601.69  1554.29  1508.99  1465.67  1424.24  1384.59  1346.63  
4192.65  4310.5  4392.44  4431.74  4428.9  4390.55  4322.82  4232.39  4125.89  4007.98  3882.72  3753.31  3622  3490.83  3361.25  3234.36  3110.67  2990.91  2875.44  2764.27  2657.61  2555.59  2457.94  2364.65  2275.7  2190.97  2111.35  2034.5  1961.15  1891.25  1824.68  1761.33  1700.94  1643.38  1588.51  1536.18  1486.28  1438.68  1393.24  1349.73  1308.21  1268.56  1230.62  1194.3  1159.36  1126.08  1094.34  1063.97  1034.84  1006.92  
2815.52  2898.57  2963.6  3004.19  3014.88  3004.23  2974.68  2929.85  2871.67  2804.01  2729.65  2651.04  2569.79  2487.25  2404.32  2322.16  2241.29  2162.19  2085.23  2010.61  1938.52  1869.07  1802.14  1737.84  1676.17  1617.06  1560.46  1506.35  1454.56  1405.04  1357.7  1312.44  1269.19  1227.84  1188.34  1150.54  1114.36  1079.7  1046.53  1014.81  984.478  955.514  927.826  901.247  875.729  851.239  827.727  805.156  783.486  762.693  
1927.4  1985.56  2034.44  2069.05  2087.69  2091.09  2081.17  2059.88  2028.83  1990.89  1947.4  1899.78  1849.29  1796.95  1743.62  1689.89  1636.41  1583.68  1531.85  1481.28  1431.9  1383.95  1337.55  1292.71  1249.49  1207.82  1167.76  1129.24  1092.26  1056.74  1022.71  989.919  958.553  928.505  899.685  871.798  845.39  819.986  795.82  772.455  750.04  728.53  707.886  688.07  669.058  650.786  633.217  616.338  600.107  584.502  
1340.97  1381.24  1417.58  1445.28  1463.25  1471.23  1470.11  1461.11  1445.31  1424.35  1399.38  1370.6  1339.36  1306.27  1272.05  1237.13  1201.83  1166.59  1131.58  1097.07  1063.15  1029.98  997.68  966.281  935.834  906.392  877.891  850.395  823.892  798.346  773.749  750.025  727.254  705.368  684.316  664.07  644.604  625.891  607.895  590.599  573.969  557.978  542.598  527.806  513.564  499.875  486.695  474.009  461.793  450.032  
947.081  975.562  1001.39  1023.53  1040.88  1049.79  1053.35  1051.55  1044.62  1033.69  1019.24  1001.99  982.576  961.567  939.431  916.471  892.949  869.199  845.358  821.678  798.246  775.181  752.562  730.423  708.843  687.844  667.457  647.666  628.487  609.944  592.024  574.806  558.093  541.964  526.411  511.42  496.969  483.041  469.622  456.692  444.231  432.223  420.65  409.494  398.801  388.499  378.525  368.883  359.586  350.614  
676.832  696.743  716.108  732.991  746.28  755.576  760.13  761.786  759.523  754.215  746.417  736.491  724.784  711.762  697.563  682.558  666.984  651.048  634.882  618.648  602.437  586.301  570.394  554.747  539.45  524.488  509.817  495.525  481.622  468.132  455.028  442.327  430.025  418.132  406.64  395.503  384.739  374.347  364.3  354.597  345.229  336.181  327.441  319.006  310.859  302.993  295.396  288.06  280.975  274.13  
490.56  504.955  519.157  531.58  542.157  550.202  555.5  558.187  558.316  556.26  552.337  546.753  539.712  531.585  522.506  512.678  502.367  491.589  480.517  469.321  458.104  446.837  435.551  424.478  413.502  402.705  392.111  381.739  371.606  361.717  352.14  342.788  333.689  324.847  316.269  307.952  299.89  292.081  284.525  277.208  270.128  263.276  256.649  250.232  244.025  238.022  232.215  226.601  221.179  215.905  
357.991  368.043  378.425  388.206  396.827  403.568  408.614  411.772  413.122  412.866  411.145  408.162  404.125  399.209  393.505  387.18  380.361  373.159  365.667  357.973  350.136  342.232  334.301  326.391  318.53  310.751  303.076  295.527  288.117  280.859  273.76  266.827  260.065  253.481  247.072  240.84  234.784  228.902  223.193  217.654  212.281  207.071  202.02  197.126  192.382  187.784  183.326  179.011  174.828  170.775  
264.054  271.213  278.843  286.293  292.937  298.513  302.858  305.927  307.767  308.456  308.066  306.722  304.515  301.578  298.019  293.983  289.511  284.689  279.596  274.31  268.868  263.294  257.639  252.004  246.357  240.748  235.179  229.679  224.257  218.914  213.68  208.547  203.513  198.592  193.775  189.087  184.523  180.081  175.745  171.654  167.562  163.589  159.755  156.005  152.365  148.83  145.4  142.071  138.84  135.704  
196.339  201.518  207.247  212.916  218.044  222.446  226.145  228.893  230.768  231.815  232.088  231.641  230.548  228.925  226.833  224.294  221.379  218.186  214.748  211.119  207.337  203.44  199.472  195.454  191.404  187.341  183.294  179.21  175.223  171.3  167.409  163.592  159.841  156.163  152.561  149.037  145.589  142.228  138.945  135.747  132.628  129.591  126.635  123.761  120.965  118.246  115.6  113.031  110.532  108.112  
147.106  150.844  155  159.228  163.211  166.776  169.838  172.245  174.082  175.305  175.943  176.043  175.668  174.856  173.647  172.079  170.235  168.146  165.845  163.378  160.773  158.058  155.256  152.392  149.479  146.542  143.603  140.66  137.73  134.822  131.936  129.087  126.272  123.516  120.803  118.146  115.539  112.986  110.488  108.049  105.663  103.331  101.056  98.8372  96.6725  94.5643  92.5113  90.5113  88.5665  86.6721  
110.905  113.645  116.716  119.954  122.952  125.72  128.199  130.205  131.824  133.05  133.818  134.205  134.212  133.885  133.262  132.388  131.266  129.93  128.421  126.759  124.977  123.09  121.126  119.096  117.014  114.902  112.764  110.614  108.458  106.308  104.167  102.048  99.9499  97.8746  95.8285  93.8132  91.8327  89.8882  87.9808  86.1116  84.2817  82.4914  80.7407  79.0307  77.3599  75.7301  74.1386  72.5864  71.0723  69.5962  
84.1511  86.1411  88.4099  90.7951  93.1586  95.3793  97.5179  99.0867  100.501  101.601  102.385  102.878  103.093  103.038  102.746  102.25  101.572  100.729  99.7456  98.6357  97.418  96.1137  94.7354  93.2966  91.8104  90.2873  88.7391  87.1688  85.5866  84.0059  82.4192  80.8405  79.2664  77.7079  76.165  74.6503  73.1472  71.667  70.2111  68.7807  67.3692  65.9923  64.6434  63.3219  62.029  60.7641  59.5278  58.3196  57.1393  55.9872  
64.3245  65.765  67.4256  69.309  71.041  72.7598  74.3582  75.7303  76.9374  77.9046  78.655  79.1788  79.4886  79.6091  79.549  79.3212  78.9455  78.4306  77.7991  77.066  76.2453  75.3487  74.3865  73.3697  72.308  71.21  70.0836  68.9351  67.7716  66.5985  65.4191  64.239  63.0604  61.8876  60.723  59.5688  58.4263  57.2984  56.1858  55.0897  54.0102  52.9503  51.9092  50.8875  49.8858  48.9043  47.9427  47.0015  46.0804  45.1795  
49.2942  50.3513  51.6392  53.0717  54.5017  55.8004  57.0764  58.2179  59.2391  60.0478  60.7222  61.2214  61.5729  61.7446  61.8039  61.7377  61.5492  61.2587  60.8719  60.3989  59.8828  59.2712  58.6063  57.885  57.1347  56.3468  55.5331  54.6957  53.8434  52.9699  52.0944  51.2143  50.3318  49.4491  48.566  47.6914  46.8225  45.9612  45.1097  44.2682  43.4384  42.62  41.8147  41.0225  40.2442  39.4799  38.7295  37.994  37.2731  36.5665  
37.9643  38.7645  39.7254  40.7765  41.8613  42.9203  43.9283  44.845  45.6626  46.3758  46.971  47.4449  47.8023  48.0363  48.1638  48.1941  48.1389  47.9929  47.7527  47.4499  47.0904  46.6791  46.2251  45.7309  45.2008  44.6418  44.0569  43.4508  42.8267  42.1899  41.5417  40.8861  40.2252  39.5622  38.8978  38.235  37.5741  36.9172  36.2654  35.6195  34.9807  34.3494  33.7266  33.1128  32.5082  31.9133  31.3284  30.7536  30.1893  29.6357  
29.3533  29.9493  30.6611  31.4524  32.281  33.1023  33.891  34.6301  35.3026  35.8965  36.4053  36.8271  37.1532  37.4131  37.5865  37.673  37.6891  37.6265  37.5119  37.3446  37.123  36.86  36.5572  36.221  35.853  35.4588  35.0404  34.6015  34.1468  33.6775  33.1982  32.7101  32.2152  31.7167  31.2151  30.7126  30.2101  29.709  29.2104  28.7146  28.2229  27.736  27.2543  26.7782  26.3089  25.8453  25.3889  24.9402  24.4983  24.0638  
22.808  23.2542  23.7964  24.4056  25.0451  25.6911  26.3216  26.9048  27.4488  27.9314  28.3633  28.7224  29.0191  29.2487  29.423  29.5343  29.5908  29.5963  29.562  29.475  29.3478  29.1828  28.9848  28.7565  28.5016  28.2235  27.9256  27.6097  27.2795  26.9365  26.5833  26.2214  25.853  25.4786  25.1006  24.7201  24.3382  23.9559  23.5739  23.1931  22.8143  22.4382  22.0651  21.6956  21.3301  20.9687  20.6121  20.2602  19.9135  19.5719  
17.7747  18.1174  18.533  18.9936  19.49  19.9963  20.4948  20.9672  21.4032  21.8064  22.1592  22.4752  22.7365  22.9439  23.1217  23.2436  23.3159  23.35  23.3483  23.3101  23.2414  23.1406  23.0123  22.8585  22.6847  22.4912  22.2794  22.0533  21.8148  21.5642  21.3037  21.0349  20.7598  20.4798  20.1954  19.9085  19.6188  19.3268  19.0345  18.7433  18.452  18.1619  17.8735  17.5871  17.3019  17.0334  16.7551  16.4798  16.2064  15.9376  
13.9028  14.1583  14.4697  14.8288  15.2147  15.6068  15.9996  16.3811  16.7437  17.0842  17.3843  17.6511  17.885  18.0808  18.2354  18.3577  18.4442  18.4982  18.5219  18.5163  18.4845  18.4274  18.3504  18.2525  18.1367  18.0034  17.8553  17.6967  17.5254  17.3433  17.153  16.952  16.7479  16.5376  16.3236  16.1055  15.8856  15.6629  15.4395  15.2151  14.9909  14.7665  14.543  14.3203  14.0987  13.8796  13.6616  13.4456  13.2327  13.0214  
10.9183  11.1079  11.3522  11.624  11.9205  12.2266  12.5362  12.8303  13.1176  13.3888  13.6353  13.8576  14.0499  14.217  14.3581  14.4705  14.5564  14.6181  14.6565  14.6778  14.6731  14.6485  14.6057  14.5456  14.471  14.3828  14.2814  14.1694  14.0472  13.9098  13.7713  13.6261  13.4754  13.3188  13.1588  12.9947  12.8284  12.6598  12.4896  12.3181  12.1458  11.9731  11.8004  11.628  11.4562  11.2852  11.1152  10.9464  10.7792  10.6135  
8.57268  8.7217  8.90661  9.11956  9.35236  9.5972  9.84374  10.0797  10.302  10.5268  10.7272  10.9169  11.0838  11.2207  11.3554  11.4541  11.5382  11.6091  11.6557  11.6885  11.6996  11.6946  11.6742  11.6319  11.5784  11.5207  11.4524  11.375  11.2891  11.1958  11.0958  10.99  10.879  10.7636  10.6442  10.5215  10.3958  10.2678  10.1379  10.0066  9.87421  9.74107  9.60758  9.47432  9.34016  9.20676  9.07424  8.94215  8.81087  8.68066  
6.75946  6.87366  7.01509  7.18027  7.36121  7.54983  7.74695  7.9394  8.12687  8.30541  8.47043  8.62398  8.75912  8.88299  8.99183  9.08238  9.15913  9.22144  9.26928  9.30212  9.32194  9.32904  9.32435  9.3083  9.28197  9.24619  9.20166  9.14952  9.09022  9.02431  8.9528  8.87602  8.79465  8.70907  8.62014  8.52815  8.43351  8.33665  8.23789  8.1378  8.03628  7.9338  7.83061  7.72711  7.62334  7.51951  7.41583  7.31257  7.20943  7.10703  
5.34365  5.42937  5.53786  5.66625  5.80559  5.95387  6.10675  6.25949  6.41046  6.55362  6.69045  6.81786  6.93514  7.04168  7.13546  7.21797  7.28805  7.34578  7.39174  7.42606  7.45096  7.46538  7.46936  7.46468  7.45178  7.43167  7.40421  7.37021  7.33041  7.28486  7.23414  7.17908  7.11997  7.05723  6.99133  6.92271  6.85174  6.77867  6.70369  6.62731  6.5496  6.47085  6.39139  6.31127  6.23068  6.14989  6.06901  5.98807  5.90726  5.82674  
4.23262  4.29957  4.38388  4.48187  4.59019  4.70508  4.82559  4.94734  5.06792  5.18472  5.29622  5.40072  5.49748  5.58595  5.66524  5.73566  5.7966  5.84785  5.89084  5.92473  5.95057  5.96813  5.97822  5.98111  5.97767  5.9676  5.95145  5.93024  5.90379  5.87275  5.83757  5.79858  5.75605  5.71053  5.66219  5.6115  5.55853  5.50367  5.44711  5.38924  5.32999  5.26973  5.20861  5.14684  5.08453  5.02182  4.95886  4.89565  4.83241  4.76931  
3.35938  3.40722  3.473  3.54801  3.63189  3.72743  3.82291  3.92083  4.01786  4.11342  4.20517  4.28657  4.36739  4.44268  4.50972  4.56936  4.62346  4.67017  4.7095  4.74237  4.76848  4.78782  4.80098  4.80866  4.81086  4.80763  4.79931  4.78664  4.76978  4.74909  4.72501  4.69744  4.66702  4.63389  4.59782  4.55982  4.52044  4.47936  4.43672  4.39277  4.34765  4.30153  4.25451  4.20673  4.15849  4.10984  4.06084  4.0116  3.96275  3.91325  
2.66894  2.70934  2.76034  2.82013  2.8872  2.95932  3.03451  3.11176  3.1889  3.26335  3.33481  3.40437  3.4695  3.53089  3.58768  3.63963  3.68568  3.72641  3.76169  3.79152  3.81603  3.83534  3.85032  3.86036  3.86595  3.86724  3.86474  3.8584  3.84864  3.8357  3.81988  3.80122  3.78022  3.75685  3.73123  3.70384  3.67473  3.6441  3.61231  3.57911  3.54499  3.50984  3.47404  3.43746  3.40036  3.36263  3.3246  3.28626  3.2477  3.20898  
2.12438  2.15568  2.19573  2.24191  2.29373  2.34923  2.40885  2.46979  2.53101  2.59197  2.6503  2.70753  2.76149  2.81293  2.85968  2.90347  2.94266  2.97809  3.00909  3.03566  3.05826  3.0767  3.09126  3.10186  3.10956  3.11363  3.11452  3.11245  3.10745  3.09939  3.0893  3.07694  3.06249  3.04591  3.0278  3.00809  2.98682  2.9643  2.94064  2.91582  2.89008  2.86341  2.8361  2.80823  2.77967  2.75063  2.72124  2.69148  2.66146  2.63146  
1.69326  1.7164  1.74536  1.78365  1.82477  1.86894  1.91622  1.9644  2.01351  2.06242  2.11113  2.15755  2.20268  2.24517  2.28426  2.32166  2.35488  2.38546  2.41192  2.43563  2.45644  2.47494  2.48932  2.5005  2.50896  2.51462  2.51652  2.51694  2.51507  2.51117  2.5052  2.49723  2.48756  2.47633  2.46332  2.44919  2.43377  2.41721  2.39865  2.38013  2.36079  2.34065  2.31993  2.29852  2.27663  2.25426  2.23149  2.20839  2.18501  2.16139  
1.35147  1.37024  1.39414  1.42257  1.45436  1.48929  1.52843  1.56713  1.60665  1.6446  1.68378  1.72228  1.75817  1.79282  1.82552  1.85634  1.88452  1.91029  1.9334  1.9539  1.97206  1.98747  2.00108  2.01194  2.02025  2.02651  2.03066  2.03292  2.03327  2.03178  2.02854  2.02384  2.01764  2.0101  2.00131  1.99138  1.98034  1.96833  1.95542  1.94169  1.92724  1.91224  1.89651  1.88021  1.86345  1.84627  1.82873  1.81086  1.79269  1.7743  
1.08049  1.09521  1.11405  1.13667  1.1621  1.18953  1.2202  1.25158  1.28235  1.31428  1.34466  1.37558  1.40556  1.43481  1.46209  1.48772  1.51154  1.53353  1.55338  1.57136  1.58688  1.60083  1.61284  1.62305  1.63133  1.63785  1.64264  1.64581  1.64744  1.64754  1.6463  1.64379  1.64007  1.63519  1.62931  1.62239  1.61458  1.60594  1.59653  1.58641  1.57565  1.56431  1.55243  1.54008  1.5273  1.51416  1.50063  1.48682  1.47275  1.45845  
0.863607  0.874946  0.889463  0.907276  0.927394  0.94918  0.972799  0.997442  1.02254  1.04817  1.07457  1.09864  1.12295  1.14618  1.16885  1.18979  1.20999  1.22811  1.24476  1.26014  1.27387  1.28618  1.2973  1.30656  1.31436  1.32077  1.32578  1.32949  1.33196  1.33323  1.33335  1.33245  1.33054  1.32766  1.32391  1.3193  1.31394  1.30788  1.30116  1.29384  1.28592  1.27751  1.26864  1.25937  1.2497  1.23966  1.22935  1.21869  1.20784  1.19679  
0.69212  0.701041  0.712455  0.726229  0.742025  0.759361  0.77817  0.797668  0.817832  0.838031  0.858383  0.878386  0.898125  0.917495  0.935885  0.954913  0.969454  0.98485  0.999112  1.01217  1.0241  1.03489  1.0444  1.05233  1.05946  1.06581  1.07121  1.07517  1.07751  1.07938  1.08034  1.08041  1.07964  1.07804  1.07579  1.07283  1.06923  1.06503  1.06027  1.055  1.04926  1.04305  1.03649  1.02955  1.02228  1.01467  1.00682  0.998703  0.990322  0.981787  
0.554496  0.561471  0.57055  0.58155  0.593958  0.607703  0.622542  0.638038  0.654155  0.670578  0.687103  0.703528  0.719572  0.735253  0.750334  0.764507  0.778186  0.791083  0.803129  0.814307  0.824559  0.833863  0.842243  0.849672  0.856224  0.861805  0.866555  0.870399  0.87346  0.875683  0.877066  0.880048  0.880213  0.877297  0.876111  0.874343  0.872047  0.869254  0.865961  0.862239  0.858045  0.853527  0.848658  0.843479  0.838006  0.832255  0.826277  0.82007  0.813659  0.80704  
0.445086  0.450534  0.457623  0.466132  0.475957  0.486735  0.498332  0.510706  0.52368  0.536939  0.550208  0.563409  0.576449  0.589216  0.601588  0.61341  0.624815  0.635629  0.645708  0.655065  0.663713  0.671696  0.678935  0.685436  0.691205  0.696248  0.700591  0.704244  0.70723  0.709558  0.711281  0.71243  0.713034  0.713101  0.712669  0.711749  0.710379  0.708586  0.706385  0.703819  0.700891  0.697676  0.694152  0.69035  0.686288  0.681977  0.677464  0.672752  0.667872  0.662831  
0.357351  0.36144  0.366966  0.373705  0.381446  0.390114  0.399286  0.409233  0.419173  0.430014  0.440693  0.451041  0.461585  0.472152  0.482266  0.492115  0.501586  0.510103  0.518608  0.526606  0.534449  0.541265  0.547523  0.553178  0.558427  0.562929  0.566868  0.570252  0.573075  0.575399  0.577239  0.578594  0.579486  0.579943  0.579986  0.579642  0.578924  0.577844  0.576436  0.574704  0.572682  0.570386  0.567829  0.565041  0.562036  0.558834  0.55545  0.551889  0.548174  0.544314  
0.286887  0.290314  0.294774  0.300132  0.306234  0.313044  0.320446  0.328367  0.336622  0.344828  0.353354  0.362065  0.370727  0.379249  0.387469  0.395571  0.403394  0.410838  0.417936  0.424631  0.430854  0.436673  0.442039  0.446946  0.451381  0.455372  0.458904  0.462002  0.464676  0.466874  0.46867  0.470056  0.471087  0.471793  0.472162  0.472141  0.471831  0.471241  0.470361  0.469211  0.467834  0.466245  0.464443  0.462436  0.460245  0.457878  0.455336  0.452661  0.44989  0.446975  
0.230255  0.232932  0.236364  0.240543  0.24536  0.250781  0.25669  0.262962  0.269532  0.276329  0.283223  0.290225  0.299976  0.304115  0.310972  0.317571  0.324015  0.330343  0.336306  0.341942  0.347222  0.351953  0.356462  0.360615  0.364408  0.367842  0.370934  0.373675  0.376027  0.378076  0.379809  0.381229  0.382347  0.383173  0.383729  0.384  0.384016  0.38378  0.383315  0.382678  0.381837  0.380762  0.379507  0.378089  0.376516  0.37479  0.372934  0.370956  0.368853  0.366641  
0.185219  0.187327  0.190069  0.193399  0.197237  0.201541  0.206227  0.211129  0.216405  0.221797  0.227358  0.23301  0.238698  0.24432  0.24984  0.255277  0.260547  0.265559  0.270392  0.275007  0.279381  0.283706  0.287554  0.291092  0.294367  0.297309  0.299998  0.302436  0.304594  0.306481  0.30813  0.309503  0.31063  0.311515  0.312118  0.312515  0.312713  0.3127  0.312512  0.312144  0.311609  0.31092  0.310069  0.309063  0.307947  0.306719  0.305358  0.303894  0.302327  0.300667  
0.149034  0.150556  0.152717  0.15535  0.158396  0.161813  0.165541  0.16953  0.173744  0.178149  0.182575  0.187128  0.191701  0.196238  0.200746  0.205184  0.209462  0.213623  0.217627  0.221457  0.225099  0.228528  0.231752  0.234771  0.237559  0.240119  0.242474  0.244596  0.246488  0.248166  0.249635  0.250908  0.252009  0.252919  0.253624  0.254131  0.254451  0.254626  0.254634  0.254504  0.254235  0.253827  0.2533  0.252639  0.251868  0.25099  0.2502  0.249128  0.24798  0.24674  
