7.8562e+07  7.8562e+07  7.8562e+07  7.8562e+07  7.8562e+07  7.8562e+07  7.8562e+07  7.8562e+07  7.8562e+07  7.8562e+07  7.8562e+07  7.8562e+07  7.8562e+07  7.8562e+07  7.8562e+07  7.8562e+07  7.8562e+07  7.8562e+07  7.8562e+07  7.8562e+07  7.8562e+07  7.8562e+07  7.8562e+07  7.8562e+07  7.8562e+07  7.8562e+07  7.8562e+07  7.8562e+07  7.8562e+07  7.8562e+07  7.8562e+07  7.8562e+07  7.8562e+07  7.8562e+07  7.8562e+07  7.8562e+07  7.8562e+07  7.8562e+07  7.8562e+07  7.8562e+07  7.8562e+07  7.8562e+07  7.8562e+07  7.8562e+07  7.8562e+07  7.8562e+07  7.8562e+07  7.8562e+07  7.8562e+07  7.8562e+07  
1.79339e+07  1.79339e+07  1.79339e+07  1.79339e+07  1.79339e+07  1.79339e+07  1.79339e+07  1.79339e+07  1.79339e+07  1.79339e+07  1.79339e+07  1.79339e+07  1.79339e+07  1.79339e+07  1.79339e+07  1.79339e+07  1.79339e+07  1.79339e+07  1.79339e+07  1.79339e+07  1.79339e+07  1.79339e+07  1.79339e+07  1.79339e+07  1.79339e+07  1.79339e+07  1.79339e+07  1.79339e+07  1.79339e+07  1.79339e+07  1.79339e+07  1.79339e+07  1.79339e+07  1.79339e+07  1.79339e+07  1.79339e+07  1.79339e+07  1.79339e+07  1.79339e+07  1.79339e+07  1.79339e+07  1.79339e+07  1.79339e+07  1.79339e+07  1.79339e+07  1.79339e+07  1.79339e+07  1.79339e+07  1.79339e+07  1.79339e+07  
5.61964e+06  5.61964e+06  5.61964e+06  5.61964e+06  5.61964e+06  5.61964e+06  5.61964e+06  5.61964e+06  5.61964e+06  5.61964e+06  5.61964e+06  5.61964e+06  5.61964e+06  5.61964e+06  5.61964e+06  5.61964e+06  5.61964e+06  5.61964e+06  5.61964e+06  5.61964e+06  5.61964e+06  5.61964e+06  5.61964e+06  5.61964e+06  5.61964e+06  5.61964e+06  5.61964e+06  5.61964e+06  5.61964e+06  5.61964e+06  5.61964e+06  5.61964e+06  5.61964e+06  5.61964e+06  5.61964e+06  5.61964e+06  5.61964e+06  5.61964e+06  5.61964e+06  5.61964e+06  5.61964e+06  5.61964e+06  5.61964e+06  5.61964e+06  5.61964e+06  5.61964e+06  5.61964e+06  5.61964e+06  5.61964e+06  5.61964e+06  
2.13954e+06  2.13954e+06  2.13954e+06  2.13954e+06  2.13954e+06  2.13954e+06  2.13954e+06  2.13954e+06  2.13954e+06  2.13954e+06  2.13954e+06  2.13954e+06  2.13954e+06  2.13954e+06  2.13954e+06  2.13954e+06  2.13954e+06  2.13954e+06  2.13954e+06  2.13954e+06  2.13954e+06  2.13954e+06  2.13954e+06  2.13954e+06  2.13954e+06  2.13954e+06  2.13954e+06  2.13954e+06  2.13954e+06  2.13954e+06  2.13954e+06  2.13954e+06  2.13954e+06  2.13954e+06  2.13954e+06  2.13954e+06  2.13954e+06  2.13954e+06  2.13954e+06  2.13954e+06  2.13954e+06  2.13954e+06  2.13954e+06  2.13954e+06  2.13954e+06  2.13954e+06  2.13954e+06  2.13954e+06  2.13954e+06  2.13954e+06  
930346  930346  930346  930346  930346  930346  930346  930346  930346  930346  930346  930346  930346  930346  930346  930346  930346  930346  930346  930346  930346  930346  930346  930346  930346  930346  930346  930346  930346  930346  930346  930346  930346  930346  930346  930346  930346  930346  930346  930346  930346  930346  930346  930346  930346  930346  930346  930346  930346  930346  
444790  444790  444790  444790  444790  444790  444790  444790  444790  444790  444790  444790  444790  444790  444790  444790  444790  444790  444790  444790  444790  444790  444790  444790  444790  444790  444790  444790  444790  444790  444790  444790  444790  444790  444790  444790  444790  444790  444790  444790  444790  444790  444790  444790  444790  444790  444790  444790  444790  444790  
229593  229593  229593  229593  229593  229593  229593  229593  229593  229593  229593  229593  229593  229593  229593  229593  229593  229593  229593  229593  229593  229593  229593  229593  229593  229593  229593  229593  229593  229593  229593  229593  229593  229593  229593  229593  229593  229593  229593  229593  229593  229593  229593  229593  229593  229593  229593  229593  229593  229593  
125224  125224  125224  125224  125224  125224  125224  125224  125224  125224  125224  125224  125224  125224  125224  125224  125224  125224  125224  125224  125224  125224  125224  125224  125224  125224  125224  125224  125224  125224  125224  125224  125224  125224  125224  125224  125224  125224  125224  125224  125224  125224  125224  125224  125224  125224  125224  125224  125224  125224  
71684.7  71684.7  71684.7  71684.7  71684.7  71684.7  71684.7  71684.7  71684.7  71684.7  71684.7  71684.7  71684.7  71684.7  71684.7  71684.7  71684.7  71684.7  71684.7  71684.7  71684.7  71684.7  71684.7  71684.7  71684.7  71684.7  71684.7  71684.7  71684.7  71684.7  71684.7  71684.7  71684.7  71684.7  71684.7  71684.7  71684.7  71684.7  71684.7  71684.7  71684.7  71684.7  71684.7  71684.7  71684.7  71684.7  71684.7  71684.7  71684.7  71684.7  
42636.7  42636.7  42636.7  42636.7  42636.7  42636.7  42636.7  42636.7  42636.7  42636.7  42636.7  42636.7  42636.7  42636.7  42636.7  42636.7  42636.7  42636.7  42636.7  42636.7  42636.7  42636.7  42636.7  42636.7  42636.7  42636.7  42636.7  42636.7  42636.7  42636.7  42636.7  42636.7  42636.7  42636.7  42636.7  42636.7  42636.7  42636.7  42636.7  42636.7  42636.7  42636.7  42636.7  42636.7  42636.7  42636.7  42636.7  42636.7  42636.7  42636.7  
26182  26182  26182  26182  26182  26182  26182  26182  26182  26182  26182  26182  26182  26182  26182  26182  26182  26182  26182  26182  26182  26182  26182  26182  26182  26182  26182  26182  26182  26182  26182  26182  26182  26182  26182  26182  26182  26182  26182  26182  26182  26182  26182  26182  26182  26182  26182  26182  26182  26182  
16508  16508  16508  16508  16508  16508  16508  16508  16508  16508  16508  16508  16508  16508  16508  16508  16508  16508  16508  16508  16508  16508  16508  16508  16508  16508  16508  16508  16508  16508  16508  16508  16508  16508  16508  16508  16508  16508  16508  16508  16508  16508  16508  16508  16508  16508  16508  16508  16508  16508  
10671.9  10671.9  10671.9  10671.9  10671.9  10671.9  10671.9  10671.9  10671.9  10671.9  10671.9  10671.9  10671.9  10671.9  10671.9  10671.9  10671.9  10671.9  10671.9  10671.9  10671.9  10671.9  10671.9  10671.9  10671.9  10671.9  10671.9  10671.9  10671.9  10671.9  10671.9  10671.9  10671.9  10671.9  10671.9  10671.9  10671.9  10671.9  10671.9  10671.9  10671.9  10671.9  10671.9  10671.9  10671.9  10671.9  10671.9  10671.9  10671.9  10671.9  
7039.25  7039.25  7039.25  7039.25  7039.25  7039.25  7039.25  7039.25  7039.25  7039.25  7039.25  7039.25  7039.25  7039.25  7039.25  7039.25  7039.25  7039.25  7039.25  7039.25  7039.25  7039.25  7039.25  7039.25  7039.25  7039.25  7039.25  7039.25  7039.25  7039.25  7039.25  7039.25  7039.25  7039.25  7039.25  7039.25  7039.25  7039.25  7039.25  7039.25  7039.25  7039.25  7039.25  7039.25  7039.25  7039.25  7039.25  7039.25  7039.25  7039.25  
4731.18  4731.18  4731.18  4731.18  4731.18  4731.18  4731.18  4731.18  4731.18  4731.18  4731.18  4731.18  4731.18  4731.18  4731.18  4731.18  4731.18  4731.18  4731.18  4731.18  4731.18  4731.18  4731.18  4731.18  4731.18  4731.18  4731.18  4731.18  4731.18  4731.18  4731.18  4731.18  4731.18  4731.18  4731.18  4731.18  4731.18  4731.18  4731.18  4731.18  4731.18  4731.18  4731.18  4731.18  4731.18  4731.18  4731.18  4731.18  4731.18  4731.18  
3226.58  3226.58  3226.58  3226.58  3226.58  3226.58  3226.58  3226.58  3226.58  3226.58  3226.58  3226.58  3226.58  3226.58  3226.58  3226.58  3226.58  3226.58  3226.58  3226.58  3226.58  3226.58  3226.58  3226.58  3226.58  3226.58  3226.58  3226.58  3226.58  3226.58  3226.58  3226.58  3226.58  3226.58  3226.58  3226.58  3226.58  3226.58  3226.58  3226.58  3226.58  3226.58  3226.58  3226.58  3226.58  3226.58  3226.58  3226.58  3226.58  3226.58  
2233.81  2233.81  2233.81  2233.81  2233.81  2233.81  2233.81  2233.81  2233.81  2233.81  2233.81  2233.81  2233.81  2233.81  2233.81  2233.81  2233.81  2233.81  2233.81  2233.81  2233.81  2233.81  2233.81  2233.81  2233.81  2233.81  2233.81  2233.81  2233.81  2233.81  2233.81  2233.81  2233.81  2233.81  2233.81  2233.81  2233.81  2233.81  2233.81  2233.81  2233.81  2233.81  2233.81  2233.81  2233.81  2233.81  2233.81  2233.81  2233.81  2233.81  
1564.78  1564.78  1564.78  1564.78  1564.78  1564.78  1564.78  1564.78  1564.78  1564.78  1564.78  1564.78  1564.78  1564.78  1564.78  1564.78  1564.78  1564.78  1564.78  1564.78  1564.78  1564.78  1564.78  1564.78  1564.78  1564.78  1564.78  1564.78  1564.78  1564.78  1564.78  1564.78  1564.78  1564.78  1564.78  1564.78  1564.78  1564.78  1564.78  1564.78  1564.78  1564.78  1564.78  1564.78  1564.78  1564.78  1564.78  1564.78  1564.78  1564.78  
1108.77  1108.77  1108.77  1108.77  1108.77  1108.77  1108.77  1108.77  1108.77  1108.77  1108.77  1108.77  1108.77  1108.77  1108.77  1108.77  1108.77  1108.77  1108.77  1108.77  1108.77  1108.77  1108.77  1108.77  1108.77  1108.77  1108.77  1108.77  1108.77  1108.77  1108.77  1108.77  1108.77  1108.77  1108.77  1108.77  1108.77  1108.77  1108.77  1108.77  1108.77  1108.77  1108.77  1108.77  1108.77  1108.77  1108.77  1108.77  1108.77  1108.77  
794.465  794.465  794.465  794.465  794.465  794.465  794.465  794.465  794.465  794.465  794.465  794.465  794.465  794.465  794.465  794.465  794.465  794.465  794.465  794.465  794.465  794.465  794.465  794.465  794.465  794.465  794.465  794.465  794.465  794.465  794.465  794.465  794.465  794.465  794.465  794.465  794.465  794.465  794.465  794.465  794.465  794.465  794.465  794.465  794.465  794.465  794.465  794.465  794.465  794.465  
574.23  574.23  574.23  574.23  574.23  574.23  574.23  574.23  574.23  574.23  574.23  574.23  574.23  574.23  574.23  574.23  574.23  574.23  574.23  574.23  574.23  574.23  574.23  574.23  574.23  574.23  574.23  574.23  574.23  574.23  574.23  574.23  574.23  574.23  574.23  574.23  574.23  574.23  574.23  574.23  574.23  574.23  574.23  574.23  574.23  574.23  574.23  574.23  574.23  574.23  
418.643  418.643  418.643  418.643  418.643  418.643  418.643  418.643  418.643  418.643  418.643  418.643  418.643  418.643  418.643  418.643  418.643  418.643  418.643  418.643  418.643  418.643  418.643  418.643  418.643  418.643  418.643  418.643  418.643  418.643  418.643  418.643  418.643  418.643  418.643  418.643  418.643  418.643  418.643  418.643  418.643  418.643  418.643  418.643  418.643  418.643  418.643  418.643  418.643  418.643  
307.103  307.103  307.103  307.103  307.103  307.103  307.103  307.103  307.103  307.103  307.103  307.103  307.103  307.103  307.103  307.103  307.103  307.103  307.103  307.103  307.103  307.103  307.103  307.103  307.103  307.103  307.103  307.103  307.103  307.103  307.103  307.103  307.103  307.103  307.103  307.103  307.103  307.103  307.103  307.103  307.103  307.103  307.103  307.103  307.103  307.103  307.103  307.103  307.103  307.103  
227.095  227.095  227.095  227.095  227.095  227.095  227.095  227.095  227.095  227.095  227.095  227.095  227.095  227.095  227.095  227.095  227.095  227.095  227.095  227.095  227.095  227.095  227.095  227.095  227.095  227.095  227.095  227.095  227.095  227.095  227.095  227.095  227.095  227.095  227.095  227.095  227.095  227.095  227.095  227.095  227.095  227.095  227.095  227.095  227.095  227.095  227.095  227.095  227.095  227.095  
168.958  168.958  168.958  168.958  168.958  168.958  168.958  168.958  168.958  168.958  168.958  168.958  168.958  168.958  168.958  168.958  168.958  168.958  168.958  168.958  168.958  168.958  168.958  168.958  168.958  168.958  168.958  168.958  168.958  168.958  168.958  168.958  168.958  168.958  168.958  168.958  168.958  168.958  168.958  168.958  168.958  168.958  168.958  168.958  168.958  168.958  168.958  168.958  168.958  168.958  
126.421  126.421  126.421  126.421  126.421  126.421  126.421  126.421  126.421  126.421  126.421  126.421  126.421  126.421  126.421  126.421  126.421  126.421  126.421  126.421  126.421  126.421  126.421  126.421  126.421  126.421  126.421  126.421  126.421  126.421  126.421  126.421  126.421  126.421  126.421  126.421  126.421  126.421  126.421  126.421  126.421  126.421  126.421  126.421  126.421  126.421  126.421  126.421  126.421  126.421  
95.1136  95.1136  95.1136  95.1136  95.1136  95.1136  95.1136  95.1136  95.1136  95.1136  95.1136  95.1136  95.1136  95.1136  95.1136  95.1136  95.1136  95.1136  95.1136  95.1136  95.1136  95.1136  95.1136  95.1136  95.1136  95.1136  95.1136  95.1136  95.1136  95.1136  95.1136  95.1136  95.1136  95.1136  95.1136  95.1136  95.1136  95.1136  95.1136  95.1136  95.1136  95.1136  95.1136  95.1136  95.1136  95.1136  95.1136  95.1136  95.1136  95.1136  
71.8944  71.8944  71.8944  71.8944  71.8944  71.8944  71.8944  71.8944  71.8944  71.8944  71.8944  71.8944  71.8944  71.8944  71.8944  71.8944  71.8944  71.8944  71.8944  71.8944  71.8944  71.8944  71.8944  71.8944  71.8944  71.8944  71.8944  71.8944  71.8944  71.8944  71.8944  71.8944  71.8944  71.8944  71.8944  71.8944  71.8944  71.8944  71.8944  71.8944  71.8944  71.8944  71.8944  71.8944  71.8944  71.8944  71.8944  71.8944  71.8944  71.8944  
54.6263  54.6263  54.6263  54.6263  54.6263  54.6263  54.6263  54.6263  54.6263  54.6263  54.6263  54.6263  54.6263  54.6263  54.6263  54.6263  54.6263  54.6263  54.6263  54.6263  54.6263  54.6263  54.6263  54.6263  54.6263  54.6263  54.6263  54.6263  54.6263  54.6263  54.6263  54.6263  54.6263  54.6263  54.6263  54.6263  54.6263  54.6263  54.6263  54.6263  54.6263  54.6263  54.6263  54.6263  54.6263  54.6263  54.6263  54.6263  54.6263  54.6263  
41.7027  41.7027  41.7027  41.7027  41.7027  41.7027  41.7027  41.7027  41.7027  41.7027  41.7027  41.7027  41.7027  41.7027  41.7027  41.7027  41.7027  41.7027  41.7027  41.7027  41.7027  41.7027  41.7027  41.7027  41.7027  41.7027  41.7027  41.7027  41.7027  41.7027  41.7027  41.7027  41.7027  41.7027  41.7027  41.7027  41.7027  41.7027  41.7027  41.7027  41.7027  41.7027  41.7027  41.7027  41.7027  41.7027  41.7027  41.7027  41.7027  41.7027  
31.8997  31.8997  31.8997  31.8997  31.8997  31.8997  31.8997  31.8997  31.8997  31.8997  31.8997  31.8997  31.8997  31.8997  31.8997  31.8997  31.8997  31.8997  31.8997  31.8997  31.8997  31.8997  31.8997  31.8997  31.8997  31.8997  31.8997  31.8997  31.8997  31.8997  31.8997  31.8997  31.8997  31.8997  31.8997  31.8997  31.8997  31.8997  31.8997  31.8997  31.8997  31.8997  31.8997  31.8997  31.8997  31.8997  31.8997  31.8997  31.8997  31.8997  
24.4991  24.4991  24.4991  24.4991  24.4991  24.4991  24.4991  24.4991  24.4991  24.4991  24.4991  24.4991  24.4991  24.4991  24.4991  24.4991  24.4991  24.4991  24.4991  24.4991  24.4991  24.4991  24.4991  24.4991  24.4991  24.4991  24.4991  24.4991  24.4991  24.4991  24.4991  24.4991  24.4991  24.4991  24.4991  24.4991  24.4991  24.4991  24.4991  24.4991  24.4991  24.4991  24.4991  24.4991  24.4991  24.4991  24.4991  24.4991  24.4991  24.4991  
18.8855  18.8855  18.8855  18.8855  18.8855  18.8855  18.8855  18.8855  18.8855  18.8855  18.8855  18.8855  18.8855  18.8855  18.8855  18.8855  18.8855  18.8855  18.8855  18.8855  18.8855  18.8855  18.8855  18.8855  18.8855  18.8855  18.8855  18.8855  18.8855  18.8855  18.8855  18.8855  18.8855  18.8855  18.8855  18.8855  18.8855  18.8855  18.8855  18.8855  18.8855  18.8855  18.8855  18.8855  18.8855  18.8855  18.8855  18.8855  18.8855  18.8855  
14.6037  14.6037  14.6037  14.6037  14.6037  14.6037  14.6037  14.6037  14.6037  14.6037  14.6037  14.6037  14.6037  14.6037  14.6037  14.6037  14.6037  14.6037  14.6037  14.6037  14.6037  14.6037  14.6037  14.6037  14.6037  14.6037  14.6037  14.6037  14.6037  14.6037  14.6037  14.6037  14.6037  14.6037  14.6037  14.6037  14.6037  14.6037  14.6037  14.6037  14.6037  14.6037  14.6037  14.6037  14.6037  14.6037  14.6037  14.6037  14.6037  14.6037  
11.3094  11.3094  11.3094  11.3094  11.3094  11.3094  11.3094  11.3094  11.3094  11.3094  11.3094  11.3094  11.3094  11.3094  11.3094  11.3094  11.3094  11.3094  11.3094  11.3094  11.3094  11.3094  11.3094  11.3094  11.3094  11.3094  11.3094  11.3094  11.3094  11.3094  11.3094  11.3094  11.3094  11.3094  11.3094  11.3094  11.3094  11.3094  11.3094  11.3094  11.3094  11.3094  11.3094  11.3094  11.3094  11.3094  11.3094  11.3094  11.3094  11.3094  
8.78493  8.78493  8.78493  8.78493  8.78493  8.78493  8.78493  8.78493  8.78493  8.78493  8.78493  8.78493  8.78493  8.78493  8.78493  8.78493  8.78493  8.78493  8.78493  8.78493  8.78493  8.78493  8.78493  8.78493  8.78493  8.78493  8.78493  8.78493  8.78493  8.78493  8.78493  8.78493  8.78493  8.78493  8.78493  8.78493  8.78493  8.78493  8.78493  8.78493  8.78493  8.78493  8.78493  8.78493  8.78493  8.78493  8.78493  8.78493  8.78493  8.78493  
6.8498  6.8498  6.8498  6.8498  6.8498  6.8498  6.8498  6.8498  6.8498  6.8498  6.8498  6.8498  6.8498  6.8498  6.8498  6.8498  6.8498  6.8498  6.8498  6.8498  6.8498  6.8498  6.8498  6.8498  6.8498  6.8498  6.8498  6.8498  6.8498  6.8498  6.8498  6.8498  6.8498  6.8498  6.8498  6.8498  6.8498  6.8498  6.8498  6.8498  6.8498  6.8498  6.8498  6.8498  6.8498  6.8498  6.8498  6.8498  6.8498  6.8498  
5.34842  5.34842  5.34842  5.34842  5.34842  5.34842  5.34842  5.34842  5.34842  5.34842  5.34842  5.34842  5.34842  5.34842  5.34842  5.34842  5.34842  5.34842  5.34842  5.34842  5.34842  5.34842  5.34842  5.34842  5.34842  5.34842  5.34842  5.34842  5.34842  5.34842  5.34842  5.34842  5.34842  5.34842  5.34842  5.34842  5.34842  5.34842  5.34842  5.34842  5.34842  5.34842  5.34842  5.34842  5.34842  5.34842  5.34842  5.34842  5.34842  5.34842  
4.18518  4.18518  4.18518  4.18518  4.18518  4.18518  4.18518  4.18518  4.18518  4.18518  4.18518  4.18518  4.18518  4.18518  4.18518  4.18518  4.18518  4.18518  4.18518  4.18518  4.18518  4.18518  4.18518  4.18518  4.18518  4.18518  4.18518  4.18518  4.18518  4.18518  4.18518  4.18518  4.18518  4.18518  4.18518  4.18518  4.18518  4.18518  4.18518  4.18518  4.18518  4.18518  4.18518  4.18518  4.18518  4.18518  4.18518  4.18518  4.18518  4.18518  
3.27686  3.27686  3.27686  3.27686  3.27686  3.27686  3.27686  3.27686  3.27686  3.27686  3.27686  3.27686  3.27686  3.27686  3.27686  3.27686  3.27686  3.27686  3.27686  3.27686  3.27686  3.27686  3.27686  3.27686  3.27686  3.27686  3.27686  3.27686  3.27686  3.27686  3.27686  3.27686  3.27686  3.27686  3.27686  3.27686  3.27686  3.27686  3.27686  3.27686  3.27686  3.27686  3.27686  3.27686  3.27686  3.27686  3.27686  3.27686  3.27686  3.27686  
2.57002  2.57002  2.57002  2.57002  2.57002  2.57002  2.57002  2.57002  2.57002  2.57002  2.57002  2.57002  2.57002  2.57002  2.57002  2.57002  2.57002  2.57002  2.57002  2.57002  2.57002  2.57002  2.57002  2.57002  2.57002  2.57002  2.57002  2.57002  2.57002  2.57002  2.57002  2.57002  2.57002  2.57002  2.57002  2.57002  2.57002  2.57002  2.57002  2.57002  2.57002  2.57002  2.57002  2.57002  2.57002  2.57002  2.57002  2.57002  2.57002  2.57002  
2.02418  2.02418  2.02418  2.02418  2.02418  2.02418  2.02418  2.02418  2.02418  2.02418  2.02418  2.02418  2.02418  2.02418  2.02418  2.02418  2.02418  2.02418  2.02418  2.02418  2.02418  2.02418  2.02418  2.02418  2.02418  2.02418  2.02418  2.02418  2.02418  2.02418  2.02418  2.02418  2.02418  2.02418  2.02418  2.02418  2.02418  2.02418  2.02418  2.02418  2.02418  2.02418  2.02418  2.02418  2.02418  2.02418  2.02418  2.02418  2.02418  2.02418  
1.59208  1.59208  1.59208  1.59208  1.59208  1.59208  1.59208  1.59208  1.59208  1.59208  1.59208  1.59208  1.59208  1.59208  1.59208  1.59208  1.59208  1.59208  1.59208  1.59208  1.59208  1.59208  1.59208  1.59208  1.59208  1.59208  1.59208  1.59208  1.59208  1.59208  1.59208  1.59208  1.59208  1.59208  1.59208  1.59208  1.59208  1.59208  1.59208  1.59208  1.59208  1.59208  1.59208  1.59208  1.59208  1.59208  1.59208  1.59208  1.59208  1.59208  
1.25527  1.25527  1.25527  1.25527  1.25527  1.25527  1.25527  1.25527  1.25527  1.25527  1.25527  1.25527  1.25527  1.25527  1.25527  1.25527  1.25527  1.25527  1.25527  1.25527  1.25527  1.25527  1.25527  1.25527  1.25527  1.25527  1.25527  1.25527  1.25527  1.25527  1.25527  1.25527  1.25527  1.25527  1.25527  1.25527  1.25527  1.25527  1.25527  1.25527  1.25527  1.25527  1.25527  1.25527  1.25527  1.25527  1.25527  1.25527  1.25527  1.25527  
0.990784  0.990784  0.990784  0.990784  0.990784  0.990784  0.990784  0.990784  0.990784  0.990784  0.990784  0.990784  0.990784  0.990784  0.990784  0.990784  0.990784  0.990784  0.990784  0.990784  0.990784  0.990784  0.990784  0.990784  0.990784  0.990784  0.990784  0.990784  0.990784  0.990784  0.990784  0.990784  0.990784  0.990784  0.990784  0.990784  0.990784  0.990784  0.990784  0.990784  0.990784  0.990784  0.990784  0.990784  0.990784  0.990784  0.990784  0.990784  0.990784  0.990784  
0.782822  0.782822  0.782822  0.782822  0.782822  0.782822  0.782822  0.782822  0.782822  0.782822  0.782822  0.782822  0.782822  0.782822  0.782822  0.782822  0.782822  0.782822  0.782822  0.782822  0.782822  0.782822  0.782822  0.782822  0.782822  0.782822  0.782822  0.782822  0.782822  0.782822  0.782822  0.782822  0.782822  0.782822  0.782822  0.782822  0.782822  0.782822  0.782822  0.782822  0.782822  0.782822  0.782822  0.782822  0.782822  0.782822  0.782822  0.782822  0.782822  0.782822  
0.619451  0.619451  0.619451  0.619451  0.619451  0.619451  0.619451  0.619451  0.619451  0.619451  0.619451  0.619451  0.619451  0.619451  0.619451  0.619451  0.619451  0.619451  0.619451  0.619451  0.619451  0.619451  0.619451  0.619451  0.619451  0.619451  0.619451  0.619451  0.619451  0.619451  0.619451  0.619451  0.619451  0.619451  0.619451  0.619451  0.619451  0.619451  0.619451  0.619451  0.619451  0.619451  0.619451  0.619451  0.619451  0.619451  0.619451  0.619451  0.619451  0.619451  
0.489621  0.489621  0.489621  0.489621  0.489621  0.489621  0.489621  0.489621  0.489621  0.489621  0.489621  0.489621  0.489621  0.489621  0.489621  0.489621  0.489621  0.489621  0.489621  0.489621  0.489621  0.489621  0.489621  0.489621  0.489621  0.489621  0.489621  0.489621  0.489621  0.489621  0.489621  0.489621  0.489621  0.489621  0.489621  0.489621  0.489621  0.489621  0.489621  0.489621  0.489621  0.489621  0.489621  0.489621  0.489621  0.489621  0.489621  0.489621  0.489621  0.489621  
0.387899  0.387899  0.387899  0.387899  0.387899  0.387899  0.387899  0.387899  0.387899  0.387899  0.387899  0.387899  0.387899  0.387899  0.387899  0.387899  0.387899  0.387899  0.387899  0.387899  0.387899  0.387899  0.387899  0.387899  0.387899  0.387899  0.387899  0.387899  0.387899  0.387899  0.387899  0.387899  0.387899  0.387899  0.387899  0.387899  0.387899  0.387899  0.387899  0.387899  0.387899  0.387899  0.387899  0.387899  0.387899  0.387899  0.387899  0.387899  0.387899  0.387899  
0.307383  0.307383  0.307383  0.307383  0.307383  0.307383  0.307383  0.307383  0.307383  0.307383  0.307383  0.307383  0.307383  0.307383  0.307383  0.307383  0.307383  0.307383  0.307383  0.307383  0.307383  0.307383  0.307383  0.307383  0.307383  0.307383  0.307383  0.307383  0.307383  0.307383  0.307383  0.307383  0.307383  0.307383  0.307383  0.307383  0.307383  0.307383  0.307383  0.307383  0.307383  0.307383  0.307383  0.307383  0.307383  0.307383  0.307383  0.307383  0.307383  0.307383  
