500  0.0355183  
515.152  0.0236577  
530.303  0.0157382  
545.455  0.0104157  
560.606  0.00688396  
575.758  0.00451895  
590.909  0.00296417  
606.061  0.00193118  
621.212  0.00125378  
636.364  0.000808832  
651.515  0.00051873  
666.667  0.00033082  
681.818  0.00020967  
696.97  0.000131829  
712.121  8.24433e-05  
727.273  5.11406e-05  
742.424  3.14079e-05  
757.576  1.9125e-05  
772.727  1.15531e-05  
787.879  6.90191e-06  
803.03  4.07343e-06  
818.182  2.37418e-06  
833.333  1.36858e-06  
848.485  7.77676e-07  
863.636  4.37313e-07  
878.788  2.4066e-07  
893.939  1.3042e-07  
909.091  6.94929e-08  
924.242  3.63269e-08  
939.394  1.85722e-08  
954.545  9.28729e-09  
969.697  4.52422e-09  
984.848  2.14671e-09  
1000  9.87013e-10  
1015.15  4.393e-10  
1030.3  1.8856e-10  
1045.45  7.77924e-11  
1060.61  3.06809e-11  
1075.76  1.11961e-11  
1090.91  3.79192e-12  
1106.06  1.38362e-12  
1121.21  1.17402e-14  
1136.36  1.0835e-14  
1151.52  9.14124e-15  
1166.67  -1.09732e-15  
1181.82  -7.58147e-16  
1196.97  -1.97434e-16  
1212.12  5.12074e-17  
1227.27  1.86601e-17  
1242.42  1.33107e-19  
1257.58  9.90794e-20  
1272.73  6.09611e-20  
1287.88  5.51105e-21  
1303.03  0  
1318.18  0  
1333.33  0  
1348.48  0  
1363.64  0  
1378.79  0  
1393.94  0  
1409.09  0  
1424.24  0  
1439.39  0  
1454.55  0  
1469.7  0  
1484.85  0  
1500  0  
1515.15  0  
1530.3  0  
1545.45  0  
1560.61  0  
1575.76  0  
1590.91  0  
1606.06  0  
1621.21  0  
1636.36  0  
1651.52  0  
1666.67  0  
1681.82  0  
1696.97  0  
1712.12  0  
1727.27  0  
1742.42  0  
1757.58  0  
1772.73  0  
1787.88  0  
1803.03  0  
1818.18  0  
1833.33  0  
1848.48  0  
1863.64  0  
1878.79  0  
1893.94  0  
1909.09  0  
1924.24  0  
1939.39  0  
1954.55  0  
1969.7  0  
1984.85  0  
2000  0  
