500  774.694  
515.152  667.13  
530.303  577.091  
545.455  500.278  
560.606  432.55  
575.758  379.629  
590.909  331.499  
606.061  290.296  
621.212  254.915  
636.364  224.034  
651.515  197.095  
666.667  173.877  
681.818  153.66  
696.97  136.323  
712.121  120.861  
727.273  107.072  
742.424  95.0269  
757.576  84.6824  
772.727  75.3999  
787.879  67.3064  
803.03  60.1235  
818.182  53.8107  
833.333  48.1228  
848.485  43.1139  
863.636  38.6789  
878.788  34.7128  
893.939  31.2303  
909.091  28.0619  
924.242  25.2545  
939.394  22.7433  
954.545  20.5172  
969.697  18.5051  
984.848  16.7235  
1000  15.152  
1015.15  13.6866  
1030.3  12.3464  
1045.45  11.1709  
1060.61  10.1184  
1075.76  9.1681  
1090.91  8.30531  
1106.06  7.54053  
1121.21  6.84797  
1136.36  6.21427  
1151.52  5.65175  
1166.67  5.13401  
1181.82  4.6669  
1196.97  4.24452  
1212.12  3.86491  
1227.27  3.52065  
1242.42  3.20616  
1257.58  2.92584  
1272.73  2.66285  
1287.88  2.42753  
1303.03  2.21398  
1318.18  2.01954  
1333.33  1.84342  
1348.48  1.68317  
1363.64  1.53734  
1378.79  1.40495  
1393.94  1.28356  
1409.09  1.1732  
1424.24  1.07293  
1439.39  0.983574  
1454.55  0.897042  
1469.7  0.821758  
1484.85  0.751405  
1500  0.68725  
1515.15  0.628989  
1530.3  0.575819  
1545.45  0.526913  
1560.61  0.482697  
1575.76  0.442298  
1590.91  0.405656  
1606.06  0.371386  
1621.21  0.340558  
1636.36  0.312494  
1651.52  0.286121  
1666.67  0.262265  
1681.82  0.240383  
1696.97  0.220416  
1712.12  0.202397  
1727.27  0.185674  
1742.42  0.170324  
1757.58  0.156191  
1772.73  0.143286  
1787.88  0.131601  
1803.03  0.120742  
1818.18  0.110852  
1833.33  0.101722  
1848.48  0.0934134  
1863.64  0.0857123  
1878.79  0.0786951  
1893.94  0.0721814  
1909.09  0.0662381  
1924.24  0.0608293  
1939.39  0.0558938  
1954.55  0.0513318  
1969.7  0.0471223  
1984.85  0.043264  
2000  0.0397324  
