500  0.0158168  
515.152  0.00995533  
530.303  0.00627553  
545.455  0.00394396  
560.606  0.00247935  
575.758  0.00154638  
590.909  0.000968156  
606.061  0.000601649  
621.212  0.000373165  
636.364  0.000230058  
651.515  0.000141226  
666.667  8.63631e-05  
681.818  5.25341e-05  
696.97  3.1731e-05  
712.121  1.90922e-05  
727.273  1.14019e-05  
742.424  6.76282e-06  
757.576  3.97224e-06  
772.727  2.32085e-06  
787.879  1.34507e-06  
803.03  7.66795e-07  
818.182  4.33709e-07  
833.333  2.42836e-07  
848.485  1.3386e-07  
863.636  7.32448e-08  
878.788  3.94637e-08  
893.939  2.08822e-08  
909.091  1.08717e-08  
924.242  5.56941e-09  
939.394  2.79294e-09  
954.545  1.37071e-09  
969.697  6.55886e-10  
984.848  3.06441e-10  
1000  1.38736e-10  
1015.15  6.08124e-11  
1030.3  2.57943e-11  
1045.45  1.05295e-11  
1060.61  4.17862e-12  
1075.76  7.25441e-13  
1090.91  6.56227e-13  
1106.06  3.87401e-13  
1121.21  6.96673e-16  
1136.36  6.27609e-16  
1151.52  5.11807e-16  
1166.67  -7.32663e-17  
1181.82  -4.94674e-17  
1196.97  -1.22753e-17  
1212.12  3.70978e-18  
1227.27  1.24193e-18  
1242.42  4.62085e-21  
1257.58  3.53901e-21  
1272.73  2.26193e-21  
1287.88  2.30528e-22  
1303.03  0  
1318.18  0  
1333.33  0  
1348.48  0  
1363.64  0  
1378.79  0  
1393.94  0  
1409.09  0  
1424.24  0  
1439.39  0  
1454.55  0  
1469.7  0  
1484.85  0  
1500  0  
1515.15  0  
1530.3  0  
1545.45  0  
1560.61  0  
1575.76  0  
1590.91  0  
1606.06  0  
1621.21  0  
1636.36  0  
1651.52  0  
1666.67  0  
1681.82  0  
1696.97  0  
1712.12  0  
1727.27  0  
1742.42  0  
1757.58  0  
1772.73  0  
1787.88  0  
1803.03  0  
1818.18  0  
1833.33  0  
1848.48  0  
1863.64  0  
1878.79  0  
1893.94  0  
1909.09  0  
1924.24  0  
1939.39  0  
1954.55  0  
1969.7  0  
1984.85  0  
2000  0  
