500  85.4913  
515.152  73.8459  
530.303  63.9892  
545.455  55.5894  
560.606  48.4387  
575.758  42.3096  
590.909  37.1085  
606.061  32.5848  
621.212  28.6131  
636.364  25.2006  
651.515  22.2574  
666.667  19.7118  
681.818  17.4781  
696.97  15.5249  
712.121  13.8048  
727.273  12.2891  
742.424  10.9689  
757.576  9.79838  
772.727  8.76289  
787.879  7.85264  
803.03  7.04418  
818.182  6.34839  
833.333  5.68743  
848.485  5.12105  
863.636  4.61773  
878.788  4.16493  
893.939  3.76213  
909.091  3.40078  
924.242  3.07458  
939.394  2.78505  
954.545  2.525  
969.697  2.29058  
984.848  2.07873  
1000  1.88853  
1015.15  1.71654  
1030.3  1.56146  
1045.45  1.42185  
1060.61  1.29584  
1075.76  1.1818  
1090.91  1.07437  
1106.06  0.983682  
1121.21  0.898853  
1136.36  0.821982  
1151.52  0.751516  
1166.67  0.687289  
1181.82  0.629325  
1196.97  0.576404  
1212.12  0.52816  
1227.27  0.484316  
1242.42  0.444297  
1257.58  0.407925  
1272.73  0.374445  
1287.88  0.343808  
1303.03  0.315864  
1318.18  0.290421  
1333.33  0.267042  
1348.48  0.245675  
1363.64  0.22623  
1378.79  0.208339  
1393.94  0.191916  
1409.09  0.176821  
1424.24  0.162928  
1439.39  0.150088  
1454.55  0.13834  
1469.7  0.127561  
1484.85  0.117672  
1500  0.108601  
1515.15  0.1003  
1530.3  0.092619  
1545.45  0.0848612  
1560.61  0.0780808  
1575.76  0.0730266  
1590.91  0.0675102  
1606.06  0.0624153  
1621.21  0.0576962  
1636.36  0.0533953  
1651.52  0.0493541  
1666.67  0.0456678  
1681.82  0.0422525  
1696.97  0.0391093  
1712.12  0.0362082  
1727.27  0.0335382  
1742.42  0.0310363  
1757.58  0.0287711  
1772.73  0.0266651  
1787.88  0.024698  
1803.03  0.0228801  
1818.18  0.0212129  
1833.33  0.0196518  
1848.48  0.0182071  
1863.64  0.0168894  
1878.79  0.0156667  
1893.94  0.014518  
1909.09  0.0134621  
1924.24  0.0124888  
1939.39  0.0115895  
1954.55  0.010758  
1969.7  0.0100074  
1984.85  0.00928625  
2000  0.00861525  
