500  1729.32  
515.152  1496.95  
530.303  1286.8  
545.455  1116.96  
560.606  971.126  
575.758  847.04  
590.909  740.947  
606.061  647.381  
621.212  569.004  
636.364  500.075  
651.515  440.624  
666.667  388.788  
681.818  343.131  
696.97  304.043  
712.121  269.586  
727.273  239.51  
742.424  213.444  
757.576  189.753  
772.727  169.071  
787.879  150.876  
803.03  135.161  
818.182  120.891  
833.333  108.201  
848.485  97.0638  
863.636  87.227  
878.788  78.4932  
893.939  70.5024  
909.091  63.5936  
924.242  57.2075  
939.394  51.6699  
954.545  46.6248  
969.697  42.049  
984.848  38.0254  
1000  34.4318  
1015.15  31.1279  
1030.3  28.2374  
1045.45  25.6647  
1060.61  23.228  
1075.76  21.0759  
1090.91  19.1427  
1106.06  17.3697  
1121.21  15.8221  
1136.36  14.3866  
1151.52  13.0918  
1166.67  11.9288  
1181.82  10.8475  
1196.97  9.89562  
1212.12  9.00819  
1227.27  8.2412  
1242.42  7.52028  
1257.58  6.84589  
1272.73  6.265  
1287.88  5.72131  
1303.03  5.22976  
1318.18  4.78143  
1333.33  4.37479  
1348.48  4.00721  
1363.64  3.65713  
1378.79  3.35657  
1393.94  3.07062  
1409.09  2.81332  
1424.24  2.57571  
1439.39  2.35868  
1454.55  2.16814  
1469.7  1.98533  
1484.85  1.82033  
1500  1.67447  
1515.15  1.53441  
1530.3  1.40635  
1545.45  1.29248  
1560.61  1.18614  
1575.76  1.09083  
1590.91  1.00043  
1606.06  0.920133  
1621.21  0.843933  
1636.36  0.776397  
1651.52  0.71462  
1666.67  0.65582  
1681.82  0.602509  
1696.97  0.554511  
1712.12  0.509831  
1727.27  0.46905  
1742.42  0.432326  
1757.58  0.39755  
1772.73  0.365244  
1787.88  0.336292  
1803.03  0.309437  
1818.18  0.28479  
1833.33  0.262115  
1848.48  0.241265  
1863.64  0.222208  
1878.79  0.204757  
1893.94  0.18823  
1909.09  0.173602  
1924.24  0.159689  
1939.39  0.147072  
1954.55  0.135668  
1969.7  0.124733  
1984.85  0.114957  
2000  0.105777  
