500  26.2182  
515.152  20.2665  
530.303  15.7061  
545.455  12.2012  
560.606  9.47854  
575.758  7.39397  
590.909  5.77198  
606.061  4.51346  
621.212  3.53405  
636.364  2.77949  
651.515  2.17263  
666.667  1.70256  
681.818  1.338  
696.97  1.05374  
712.121  0.826881  
727.273  0.650369  
742.424  0.511976  
757.576  0.402767  
772.727  0.316731  
787.879  0.24901  
803.03  0.195878  
818.182  0.154048  
833.333  0.121116  
848.485  0.0951193  
863.636  0.0746813  
878.788  0.0586401  
893.939  0.0460086  
909.091  0.0360539  
924.242  0.0282306  
939.394  0.0221187  
954.545  0.0172757  
969.697  0.0134892  
984.848  0.0105294  
1000  0.00819272  
1015.15  0.00637768  
1030.3  0.00495468  
1045.45  0.00384419  
1060.61  0.00298281  
1075.76  0.00230673  
1090.91  0.0017801  
1106.06  0.00137299  
1121.21  0.00105491  
1136.36  0.000810013  
1151.52  0.000621576  
1166.67  0.000476055  
1181.82  0.000362639  
1196.97  0.000275904  
1212.12  0.000209834  
1227.27  0.000158978  
1242.42  0.000119858  
1257.58  9.04003e-05  
1272.73  6.79622e-05  
1287.88  5.08961e-05  
1303.03  3.79831e-05  
1318.18  2.82764e-05  
1333.33  2.0961e-05  
1348.48  1.54845e-05  
1363.64  1.14061e-05  
1378.79  8.36108e-06  
1393.94  6.11242e-06  
1409.09  4.44496e-06  
1424.24  3.21836e-06  
1439.39  2.31821e-06  
1454.55  1.66384e-06  
1469.7  1.186e-06  
1484.85  8.42415e-07  
1500  5.93972e-07  
1515.15  4.16758e-07  
1530.3  2.91009e-07  
1545.45  2.01593e-07  
1560.61  1.38705e-07  
1575.76  9.47526e-08  
1590.91  6.42331e-08  
1606.06  4.31842e-08  
1621.21  2.88155e-08  
1636.36  1.90388e-08  
1651.52  1.24508e-08  
1666.67  8.07802e-09  
1681.82  5.17133e-09  
1696.97  3.28165e-09  
1712.12  2.05244e-09  
1727.27  1.26805e-09  
1742.42  7.72411e-10  
1757.58  4.63601e-10  
1772.73  2.73548e-10  
1787.88  1.58834e-10  
1803.03  9.0253e-11  
1818.18  5.0289e-11  
1833.33  2.74331e-11  
1848.48  1.45944e-11  
1863.64  -5.99791e-14  
1878.79  -4.79785e-14  
1893.94  -4.21935e-14  
1909.09  -3.65115e-14  
1924.24  -3.09229e-14  
1939.39  5.63077e-14  
1954.55  -9.70851e-15  
1969.7  -6.88875e-15  
1984.85  -3.85624e-15  
2000  1.01302e-15  
