500  0.0210275  
515.152  0.0140022  
530.303  0.00931191  
545.455  0.00616137  
560.606  0.00406992  
575.758  0.00267228  
590.909  0.00175256  
606.061  0.00114142  
621.212  0.000740926  
636.364  0.000477894  
651.515  0.000306452  
666.667  0.000195382  
681.818  0.000123827  
696.97  7.7847e-05  
712.121  4.86749e-05  
727.273  3.01897e-05  
742.424  1.85396e-05  
757.576  1.12879e-05  
772.727  6.81857e-06  
787.879  4.07308e-06  
803.03  2.4037e-06  
818.182  1.40089e-06  
833.333  8.07592e-07  
848.485  4.58926e-07  
863.636  2.57975e-07  
878.788  1.41975e-07  
893.939  7.69384e-08  
909.091  4.09957e-08  
924.242  2.14301e-08  
939.394  1.09557e-08  
954.545  5.47886e-09  
969.697  2.66911e-09  
984.848  1.26645e-09  
1000  5.82261e-10  
1015.15  2.59182e-10  
1030.3  1.11254e-10  
1045.45  4.57938e-11  
1060.61  1.79204e-11  
1075.76  6.81668e-12  
1090.91  2.24077e-12  
1106.06  7.85897e-13  
1121.21  6.81299e-15  
1136.36  6.3167e-15  
1151.52  5.35154e-15  
1166.67  -6.46696e-16  
1181.82  -4.47453e-16  
1196.97  -1.16812e-16  
1212.12  3.03149e-17  
1227.27  1.10448e-17  
1242.42  7.75208e-20  
1257.58  5.80219e-20  
1272.73  3.58867e-20  
1287.88  3.25708e-21  
1303.03  0  
1318.18  0  
1333.33  0  
1348.48  0  
1363.64  0  
1378.79  0  
1393.94  0  
1409.09  0  
1424.24  0  
1439.39  0  
1454.55  0  
1469.7  0  
1484.85  0  
1500  0  
1515.15  0  
1530.3  0  
1545.45  0  
1560.61  0  
1575.76  0  
1590.91  0  
1606.06  0  
1621.21  0  
1636.36  0  
1651.52  0  
1666.67  0  
1681.82  0  
1696.97  0  
1712.12  0  
1727.27  0  
1742.42  0  
1757.58  0  
1772.73  0  
1787.88  0  
1803.03  0  
1818.18  0  
1833.33  0  
1848.48  0  
1863.64  0  
1878.79  0  
1893.94  0  
1909.09  0  
1924.24  0  
1939.39  0  
1954.55  0  
1969.7  0  
1984.85  0  
2000  0  
