500  0.00790842  
515.152  0.00497766  
530.303  0.00313777  
545.455  0.00197198  
560.606  0.00123967  
575.758  0.000773192  
590.909  0.000484078  
606.061  0.000300825  
621.212  0.000186583  
636.364  0.000115029  
651.515  7.06132e-05  
666.667  4.31815e-05  
681.818  2.62671e-05  
696.97  1.58655e-05  
712.121  9.54611e-06  
727.273  5.70097e-06  
742.424  3.38141e-06  
757.576  1.98612e-06  
772.727  1.16042e-06  
787.879  6.72534e-07  
803.03  3.83398e-07  
818.182  2.16855e-07  
833.333  1.21418e-07  
848.485  6.69301e-08  
863.636  3.66224e-08  
878.788  1.97319e-08  
893.939  1.04411e-08  
909.091  5.43584e-09  
924.242  2.78471e-09  
939.394  1.39647e-09  
954.545  6.85353e-10  
969.697  3.27943e-10  
984.848  1.53221e-10  
1000  6.94965e-11  
1015.15  3.0551e-11  
1030.3  1.25485e-11  
1045.45  2.59555e-12  
1060.61  6.93708e-13  
1075.76  5.00008e-13  
1090.91  3.28136e-13  
1106.06  1.93701e-13  
1121.21  3.48337e-16  
1136.36  3.13804e-16  
1151.52  2.55903e-16  
1166.67  -3.66331e-17  
1181.82  -2.47337e-17  
1196.97  -6.13763e-18  
1212.12  1.85489e-18  
1227.27  6.20965e-19  
1242.42  2.31042e-21  
1257.58  1.7695e-21  
1272.73  1.13096e-21  
1287.88  1.15264e-22  
1303.03  0  
1318.18  0  
1333.33  0  
1348.48  0  
1363.64  0  
1378.79  0  
1393.94  0  
1409.09  0  
1424.24  0  
1439.39  0  
1454.55  0  
1469.7  0  
1484.85  0  
1500  0  
1515.15  0  
1530.3  0  
1545.45  0  
1560.61  0  
1575.76  0  
1590.91  0  
1606.06  0  
1621.21  0  
1636.36  0  
1651.52  0  
1666.67  0  
1681.82  0  
1696.97  0  
1712.12  0  
1727.27  0  
1742.42  0  
1757.58  0  
1772.73  0  
1787.88  0  
1803.03  0  
1818.18  0  
1833.33  0  
1848.48  0  
1863.64  0  
1878.79  0  
1893.94  0  
1909.09  0  
1924.24  0  
1939.39  0  
1954.55  0  
1969.7  0  
1984.85  0  
2000  0  
