500  1544.14  
515.152  1353.08  
530.303  1192.51  
545.455  1049.51  
560.606  928.751  
575.758  824.11  
590.909  733.012  
606.061  651.667  
621.212  583.283  
636.364  521.531  
651.515  467.473  
666.667  420.155  
681.818  377.08  
696.97  339.981  
712.121  306.805  
727.273  277.585  
742.424  251.689  
757.576  227.793  
772.727  206.313  
787.879  187.441  
803.03  170.94  
818.182  155.642  
833.333  141.878  
848.485  129.386  
863.636  118.348  
878.788  108.407  
893.939  99.054  
909.091  90.7238  
924.242  83.2611  
939.394  76.5535  
954.545  70.277  
969.697  64.5004  
984.848  59.3587  
1000  54.6951  
1015.15  50.331  
1030.3  46.483  
1045.45  43.0745  
1060.61  39.5921  
1075.76  36.5369  
1090.91  33.7604  
1106.06  31.1529  
1121.21  28.8519  
1136.36  26.7557  
1151.52  24.7399  
1166.67  22.9419  
1181.82  21.2159  
1196.97  19.7098  
1212.12  18.2439  
1227.27  16.9924  
1242.42  15.7677  
1257.58  14.5992  
1272.73  13.5969  
1287.88  12.6277  
1303.03  11.7439  
1318.18  10.923  
1333.33  10.1634  
1348.48  9.47648  
1363.64  8.80105  
1378.79  8.20784  
1393.94  7.64253  
1409.09  7.1231  
1424.24  6.63386  
1439.39  6.18576  
1454.55  5.77659  
1469.7  5.38201  
1484.85  5.02065  
1500  4.68926  
1515.15  4.38069  
1530.3  4.08719  
1545.45  3.81649  
1560.61  3.56157  
1575.76  3.33023  
1590.91  3.11055  
1606.06  2.90919  
1621.21  2.71452  
1636.36  2.53867  
1651.52  2.37811  
1666.67  2.21998  
1681.82  2.07474  
1696.97  1.941  
1712.12  1.81624  
1727.27  1.69868  
1742.42  1.59108  
1757.58  1.49042  
1772.73  1.39203  
1787.88  1.30333  
1803.03  1.21986  
1818.18  1.14269  
1833.33  1.06966  
1848.48  1.00164  
1863.64  0.938495  
1878.79  0.879562  
1893.94  0.822882  
1909.09  0.77134  
1924.24  0.722106  
1939.39  0.676329  
1954.55  0.634832  
1969.7  0.59338  
1984.85  0.556458  
2000  0.52084  
