m_sq,dd,du,ds,dc,db,uu,us,uc,ub,ss,sc,sb,cc,cb,bb
100      5.15942      10.2536      3.45137      2.53653      1.69747      9.18025      4.87678      3.63736      2.48367      0.8509      0.903889      0.573092      0.428668      0.404232      0.168734
138      2.96319      6.07779      1.78472      1.30204      0.870926      5.66303      2.61615      1.93394      1.31981      0.396646      0.41993      0.26638      0.199356      0.187963      0.0787487
157      2.34065      4.86995      1.34124      0.974851      0.65085      4.62188      1.99885      1.47091      1.0019      0.284444      0.300591      0.190402      0.142761      0.13434      0.0562838
176      1.89126      3.98733      1.03379      0.748778      0.498836      3.84989      1.56435      1.14625      0.779034      0.210017      0.221571      0.140104      0.105292      0.0988506      0.0413998
195      1.55015      3.30985      0.808961      0.583898      0.387982      3.24941      1.2422      0.906299      0.614326      0.15771      0.166102      0.104797      0.0789804      0.0739345      0.0309384
214      1.28959      2.78651      0.6438      0.463174      0.306943      2.77907      1.00229      0.728285      0.492322      0.120779      0.127006      0.0799449      0.0604347      0.0564023      0.0235785
233      1.0839      2.36896      0.518122      0.371573      0.245535      2.39893      0.817382      0.591558      0.398736      0.093685      0.098361      0.0617575      0.0468427      0.0435723      0.018193
252      0.919619      2.032      0.421396      0.301282      0.198501      2.08816      0.673285      0.485389      0.3262      0.0735606      0.0771157      0.0482904      0.0367587      0.0340734      0.014208
271      0.785472      1.75409      0.345171      0.246039      0.161598      1.82868      0.558378      0.401007      0.268647      0.0582251      0.060945      0.0380557      0.0290797      0.0268543      0.011181
290      0.677315      1.52772      0.286047      0.203333      0.133156      1.61445      0.468155      0.335021      0.223776      0.0467369      0.0488536      0.0304238      0.0233361      0.021473      0.00892794
309      0.586821      1.33654      0.238242      0.168889      0.110261      1.43141      0.394405      0.281252      0.187284      0.0377292      0.039383      0.0244568      0.0188345      0.0172652      0.00716761
328      0.511251      1.1754      0.199718      0.141208      0.0919085      1.27524      0.334313      0.237592      0.157729      0.0306918      0.0319939      0.019812      0.0153201      0.0139899      0.00579911
347      0.447427      1.03807      0.168291      0.118686      0.0770121      1.14056      0.284768      0.201714      0.1335      0.0251188      0.0261495      0.0161465      0.0125384      0.0114049      0.00472031
366      0.39257      0.918994      0.142156      0.100001      0.0646796      1.0225      0.243146      0.171665      0.113251      0.0206133      0.0214289      0.0131918      0.0102898      0.00932067      0.00385143
385      0.347137      0.819451      0.121347      0.085172      0.0549297      0.922449      0.20963      0.147567      0.0970741      0.0171361      0.0177936      0.0109244      0.00855646      0.00772174      0.00318615
404      0.306443      0.729599      0.10321      0.0722666      0.0464537      0.831359      0.180165      0.126426      0.0828969      0.0141762      0.0146992      0.00899637      0.00707981      0.00636124      0.00262042
423      0.272733      0.654485      0.0887837      0.0620373      0.0397633      0.754124      0.156464      0.109494      0.07159      0.0118933      0.0123184      0.00751887      0.00594233      0.00531896      0.00218791
442      0.24313      0.588006      0.0765012      0.0533455      0.0340909      0.68507      0.1361      0.0949856      0.0619224      0.00999683      0.0103422      0.00629495      0.00499714      0.00445524      0.0018299
461      0.217168      0.529244      0.066065      0.0459762      0.0292931      0.623391      0.118639      0.0825802      0.0536758      0.00842481      0.00870568      0.00528371      0.0042135      0.00374136      0.00153437
480      0.194399      0.477309      0.0572021      0.0397315      0.0252379      0.568299      0.103674      0.0719788      0.0466464      0.00712224      0.00735112      0.00444877      0.00356409      0.00315173      0.0012906
499      0.174367      0.431266      0.0496493      0.0344211      0.0217986      0.518943      0.0908057      0.0628884      0.0406344      0.00603874      0.00622557      0.00375674      0.00302377      0.00266285      0.00108876
518      0.15663      0.390194      0.0431675      0.0298732      0.0188605      0.474467      0.0796646      0.0550397      0.0354566      0.00513053      0.00528304      0.00317865      0.00257074      0.00225431      0.000920325
537      0.140818      0.353307      0.0375625      0.0259482      0.0163312      0.434132      0.0699472      0.0482117      0.0309631      0.00436309      0.00448727      0.00269176      0.00218775      0.00191006      0.000778593
556      0.127084      0.321031      0.0328634      0.0226655      0.014223      0.398416      0.0617228      0.0424513      0.0271851      0.00373545      0.00383768      0.00229561      0.00187453      0.00162989      0.000663416
575      0.115035      0.292514      0.0288731      0.019884      0.012442      0.366512      0.0546773      0.0375306      0.0239673      0.00321449      0.00329933      0.00196824      0.00161448      0.00139828      0.000568323
594      0.103817      0.265784      0.0252415      0.0173552      0.0108251      0.336416      0.0482208      0.0330283      0.0210267      0.00274921      0.00281823      0.00167608      0.00138195      0.00119143      0.000483516
613      0.0942836      0.242909      0.022276      0.015296      0.00951397      0.310296      0.0428949      0.0293277      0.0186201      0.00237883      0.00243643      0.00144517      0.00119688      0.00102791      0.000416556
632      0.0853709      0.221383      0.019562      0.0134132      0.00831674      0.285572      0.037989      0.0259237      0.0164089      0.0020458      0.00209286      0.00123764      0.00103027      0.000880837      0.000356423
651      0.0776746      0.202671      0.0173043      0.0118507      0.00732707      0.263799      0.0338686      0.0230738      0.0145647      0.00177526      0.00181451      0.00107014      0.000894898      0.000762095      0.000307927
670      0.0704038      0.184876      0.015213      0.0104045      0.00641217      0.242991      0.0300284      0.0204208      0.0128499      0.00152891      0.00156074      0.000917616      0.000771463      0.000653878      0.000263809
689      0.0642622      0.169752      0.0135187      0.00923602      0.00567635      0.225034      0.0268851      0.0182568      0.0114575      0.00133415      0.00136091      0.000798038      0.000673882      0.000569017      0.000229238
708      0.058412      0.155251      0.0119337      0.00814363      0.00498921      0.207746      0.0239274      0.0162227      0.0101499      0.00115491      0.0011767      0.000687935      0.000583945      0.000490817      0.000197443
727      0.0532274      0.142321      0.0105734      0.00720776      0.00440244      0.192162      0.0213676      0.0144664      0.00902454      0.00100423      0.00102213      0.000595833      0.000508294      0.000425368      0.000170864
746      0.0486804      0.130915      0.00942096      0.00641637      0.00390808      0.178247      0.0191797      0.012969      0.0080685      0.000879232      0.000894228      0.00051989      0.000445501      0.000371378      0.000148956
765      0.0444615      0.120267      0.00837577      0.00569936      0.00346106      0.165172      0.0171823      0.011604      0.00719854      0.000767805      0.000780184      0.000452305      0.000389462      0.000323296      0.000129479
784      0.0403715      0.109871      0.00737817      0.00501531      0.00303501      0.152375      0.0152655      0.010295      0.006365      0.00066313      0.000672796      0.000388732      0.00033674      0.000278031      0.000111194
803      0.0370119      0.101291      0.00659695      0.00448106      0.00270413      0.141613      0.0137475      0.00926189      0.00571083      0.000583116      0.000591205      0.000340686      0.000296432      0.000243811      9.73615e-05
822      0.0339264      0.0933661      0.00589681      0.00400273      0.00240858      0.131597      0.0123777      0.00833099      0.00512268      0.000512615      0.000519339      0.000298464      0.000260877      0.00021372      8.5216e-05
841      0.0310951      0.086052      0.00527007      0.00357498      0.00214493      0.122282      0.0111431      0.0074931      0.00459452      0.000450575      0.000456125      0.000261411      0.000229556      0.000187297      7.45671e-05
860      0.0284996      0.0793084      0.00470976      0.00319294      0.00191005      0.113625      0.0100316      0.00673981      0.00412084      0.000396052      0.000400597      0.000228944      0.000202      0.000164128      6.52442e-05
879      0.0261227      0.0730978      0.00420951      0.00285218      0.00170111      0.10559      0.00903217      0.00606343      0.00369659      0.0003482      0.000351893      0.000200538      0.000177789      0.000143846      5.70948e-05
898      0.0239487      0.0673851      0.00376355      0.00254869      0.00151551      0.0981377      0.00813487      0.00545695      0.00331717      0.000306265      0.000309241      0.000175727      0.000156549      0.000126119      4.99828e-05
917      0.0219628      0.0621375      0.00336659      0.00227879      0.00135093      0.0912357      0.00733042      0.00491394      0.00297836      0.000269569      0.000271947      0.000154091      0.000137942      0.000110651      4.37859e-05
936      0.0201506      0.0573225      0.00301366      0.00203905      0.00120515      0.084849      0.00661005      0.00442829      0.00267616      0.000237491      0.000239377      0.000135246      0.000121659      9.71708e-05      3.8393e-05
955      0.0184973      0.052906      0.00269997      0.00182614      0.00107605      0.0789409      0.00596512      0.00399401      0.00240668      0.000209452      0.000210935      0.000118836      0.000107411      8.54248e-05      3.37001e-05
974      0.0169876      0.0488516      0.0024208      0.00163681      0.000961586      0.0734715      0.00538707      0.00360521      0.00216608      0.000184908      0.000186061      0.000104524      9.49247e-05      7.51747e-05      2.96104e-05
993      0.0156065      0.0451225      0.00217177      0.00146804      0.000859842      0.0683997      0.00486776      0.00325627      0.00195074      0.000163366      0.000164248      9.20071e-05      8.39535e-05      6.62052e-05      2.60368e-05
1012      0.0143402      0.0416849      0.001949      0.00131716      0.000769138      0.063687      0.00439995      0.00294223      0.00175745      0.000144401      0.00014506      8.10255e-05      7.42841e-05      5.83312e-05      2.29043e-05
1031      0.0131766      0.0385091      0.00174919      0.00118191      0.000688057      0.0592994      0.00397745      0.00265885      0.0015835      0.000127659      0.000128129      7.13624e-05      6.57382e-05      5.13985e-05      2.01507e-05
1050      0.0121055      0.0355695      0.00156958      0.0010604      0.000615417      0.0552077      0.00359504      0.00240257      0.00142661      0.000112845      0.000113157      6.28393e-05      5.81679e-05      4.52803e-05      1.77246e-05
1069      0.0111181      0.0328445      0.00140786      0.000951048      0.000550225      0.0513865      0.00324834      0.00217039      0.00128484      9.97148e-05      9.98923e-05      5.53084e-05      5.14504e-05      3.98711e-05      1.55834e-05
1088      0.0102067      0.0303152      0.00126206      0.000852503      0.000491642      0.047814      0.0029336      0.00195976      0.00115657      8.8062e-05      8.81248e-05      4.86457e-05      4.54819e-05      3.5083e-05      1.36914e-05
1107      0.00936478      0.0279653      0.0011305      0.000763615      0.000438952      0.0444707      0.0026476      0.00176848      0.00104041      7.77116e-05      7.76768e-05      4.27463e-05      4.01744e-05      3.0841e-05      1.20183e-05
1126      0.00862612      0.0258965      0.00101902      0.000688347      0.000394527      0.0414861      0.00240308      0.0016051      0.000941605      6.90829e-05      6.9006e-05      3.787e-05      3.57453e-05      2.73331e-05      1.06334e-05
1145      0.00797783      0.0240756      0.00092435      0.000624464      0.000356972      0.0388226      0.00219368      0.0014653      0.000857393      6.18615e-05      6.17819e-05      3.38225e-05      3.20351e-05      2.44201e-05      9.48208e-06
1164      0.00734456      0.0222831      0.000832569      0.000562518      0.00032059      0.0362031      0.00198986      0.00132921      0.000775484      5.49506e-05      5.4836e-05      2.99343e-05      2.84804e-05      2.16204e-05      8.38115e-06
1183      0.00674851      0.0205852      0.000747736      0.000505268      0.000287044      0.0337104      0.00180033      0.0012027      0.000699503      4.86555e-05      4.85018e-05      2.63966e-05      2.52388e-05      1.90716e-05      7.38181e-06
1202      0.0061912      0.0189878      0.000670024      0.00045283      0.000256401      0.0313518      0.00162556      0.00108607      0.000629634      4.29754e-05      4.27838e-05      2.32112e-05      2.23108e-05      1.67757e-05      6.48384e-06
1221      0.00568008      0.017515      0.00060053      0.000405946      0.000229093      0.0291588      0.00146809      0.000981017      0.000566904      3.79739e-05      3.77554e-05      2.04188e-05      1.97298e-05      1.4762e-05      5.69736e-06
1240      0.00527636      0.016355      0.000548795      0.00037107      0.000208928      0.0273795      0.00134929      0.000901856      0.000519974      3.4304e-05      3.4121e-05      1.84141e-05      1.78346e-05      1.3316e-05      5.12764e-06
1259      0.00485457      0.0151289      0.000494115      0.000334187      0.000187575      0.0255209      0.00122366      0.00081809      0.000470248      3.04719e-05      3.02798e-05      1.6293e-05      1.58535e-05      1.17852e-05      4.53087e-06
1278      0.00445311      0.0139536      0.000442886      0.000299628      0.000167613      0.0237338      0.00110527      0.000739148      0.000423484      2.69337e-05      2.67262e-05      1.4335e-05      1.40225e-05      1.03716e-05      3.98178e-06
1297      0.0040839      0.0128668      0.000396921      0.000268621      0.000149763      0.0220676      0.00099823      0.000667786      0.000381347      2.38067e-05      2.35896e-05      1.26123e-05      1.24027e-05      9.12726e-06      3.49916e-06
1316      0.00379585      0.0120226      0.000363231      0.000245905      0.000136786      0.0207305      0.000918668      0.000614782      0.000350288      2.15437e-05      2.13587e-05      1.13957e-05      1.12297e-05      8.24835e-06      3.15462e-06
1335      0.00348825      0.0111089      0.000326604      0.000221193      0.000122643      0.0193062      0.000832216      0.000557146      0.000316451      1.91151e-05      1.89281e-05      1.0068e-05      9.96958e-06      7.28876e-06      2.78337e-06
1354      0.0031936      0.0102268      0.000292034      0.000197863      0.000109322      0.017928      0.000750133      0.000502415      0.000284387      1.68567e-05      1.66623e-05      8.83318e-06      8.79665e-06      6.39592e-06      2.43937e-06
1373      0.00296384      0.00954224      0.000266753      0.000180807      9.966e-05      0.0168219      0.000689219      0.000461816      0.000260791      1.52254e-05      1.50556e-05      7.9639e-06      7.94892e-06      5.76733e-06      2.19439e-06
1392      0.00272825      0.00883205      0.000240576      0.000163136      8.96425e-05      0.0156866      0.00062609      0.000419718      0.000236301      1.35578e-05      1.33934e-05      7.06397e-06      7.08157e-06      5.1163e-06      1.94343e-06
1411      0.00249742      0.00812989      0.000215151      0.000145967      7.99255e-05      0.0145656      0.000564472      0.000378614      0.000212427      1.19617e-05      1.17949e-05      6.2e-06      6.25069e-06      4.49104e-06      1.70385e-06
1430      0.00231518      0.00757798      0.000196275      0.000133221      7.27667e-05      0.0136554      0.000518064      0.000347659      0.000194584      1.07903e-05      1.06426e-05      5.5816e-06      5.64061e-06      4.04349e-06      1.53041e-06
1449      0.00213141      0.00701523      0.000177122      0.000120281      6.54972e-05      0.0127351      0.000470899      0.000316184      0.000176434      9.61711e-06      9.47612e-06      4.95542e-06      5.02908e-06      3.59014e-06      1.35651e-06
1468      0.00194887      0.00645058      0.000158198      0.000107491      5.83217e-05      0.0118151      0.000424093      0.000284935      0.000158438      8.47518e-06      8.33367e-06      4.34304e-06      4.43337e-06      3.14663e-06      1.18761e-06
1487      0.00181006      0.0060244      0.000144801      9.84339e-05      5.32853e-05      0.0110927      0.000390408      0.000262444      0.000145598      7.67445e-06      7.55091e-06      3.92682e-06      4.01554e-06      2.84522e-06      1.07104e-06
1506      0.00166263      0.00556492      0.000130275      8.86084e-05      4.78113e-05      0.0103276      0.000353921      0.000238068      0.000131656      6.81855e-06      6.6996e-06      3.47343e-06      3.56856e-06      2.51675e-06      9.45961e-07
1525      0.00151675      0.0051056      0.000116004      7.89521e-05      4.24411e-05      0.00956489      0.000317898      0.000213992      0.000117907      5.99062e-06      5.8716e-06      3.03324e-06      3.13586e-06      2.19775e-06      8.25313e-07
1544      0.0014138      0.00478581      0.000106812      7.27292e-05      3.90181e-05      0.00900484      0.00029422      0.00019816      0.000108964      5.46056e-06      5.35876e-06      2.76331e-06      2.85887e-06      2.00221e-06      7.49606e-07
1563      0.00129363      0.00440409      9.55714e-05      6.51166e-05      3.48113e-05      0.00835923      0.000265434      0.000178903      9.80365e-05      4.82362e-06      4.72409e-06      2.42788e-06      2.52569e-06      1.75908e-06      6.57817e-07
1582      0.00119698      0.0040984      8.70426e-05      5.93373e-05      3.1641e-05      0.00782561      0.000243276      0.000164071      8.9681e-05      4.34488e-06      4.25563e-06      2.18197e-06      2.27522e-06      1.58085e-06      5.89743e-07
1601      0.00110087      0.00379099      7.85212e-05      5.35605e-05      2.84723e-05      0.00729304      0.000221092      0.000149216      8.13127e-05      3.87298e-06      3.78902e-06      1.93706e-06      2.0282e-06      1.40331e-06      5.22635e-07
1620      0.00100254      0.00347248      6.97909e-05      4.7639e-05      2.52274e-05      0.0067459      0.000198284      0.000133933      7.27104e-05      3.39728e-06      3.31426e-06      1.68814e-06      1.77902e-06      1.22281e-06      4.55084e-07
1639      0.000934761      0.00325647      6.43372e-05      4.3937e-05      2.32223e-05      0.00635218      0.000183719      0.000124165      6.72765e-05      3.10101e-06      3.02964e-06      1.54048e-06      1.62392e-06      1.11581e-06      4.13918e-07
1658      0.000853061      0.00298924      5.73817e-05      3.92142e-05      2.06504e-05      0.00588522      0.000165285      0.0001118      6.03586e-05      2.73072e-06      2.66117e-06      1.34841e-06      1.42985e-06      9.76523e-07      3.61922e-07
1677      0.000791962      0.00279147      5.25703e-05      3.59446e-05      1.88865e-05      0.00552346      0.000152296      0.000103078      5.55256e-05      2.47593e-06      2.41482e-06      1.22109e-06      1.29637e-06      8.84242e-07      3.2677e-07
1696      0.000724706      0.00256946      4.70948e-05      3.22225e-05      1.68728e-05      0.00512808      0.000137564      9.31831e-05      5.00259e-05      2.19103e-06      2.13257e-06      1.07485e-06      1.147e-06      7.78197e-07      2.87242e-07
1715      0.000669408      0.00238755      4.28281e-05      2.93198e-05      1.53131e-05      0.00479444      0.000125922      8.53561e-05      4.57053e-05      1.97086e-06      1.9182e-06      9.64486e-07      1.03158e-06      6.98189e-07      2.57085e-07
1734      0.000614769      0.00220572      3.8592e-05      2.64366e-05      1.37643e-05      0.00446344      0.000114339      7.75649e-05      4.14054e-05      1.75531e-06      1.70605e-06      8.5529e-07      9.18549e-07      6.19017e-07      2.27569e-07
1753      0.000564142      0.00203626      3.47538e-05      2.38225e-05      1.2365e-05      0.00415245      0.000103758      7.04418e-05      3.74878e-05      1.56244e-06      1.51668e-06      7.5815e-07      8.17395e-07      5.48591e-07      2.01333e-07
1772      0.000520839      0.00189128      3.15832e-05      2.16615e-05      1.12135e-05      0.00388117      9.49293e-05      6.44939e-05      3.42316e-05      1.40446e-06      1.36291e-06      6.79589e-07      7.34563e-07      4.91649e-07      1.80027e-07
1791      0.000472504      0.00172615      2.79504e-05      1.91846e-05      9.89177e-06      0.00357994      8.48246e-05      5.76838e-05      3.04967e-05      1.22699e-06      1.18645e-06      5.89344e-07      6.41442e-07      4.26213e-07      1.56021e-07
1810      0.000440765      0.00162006      2.582e-05      1.77301e-05      9.12562e-06      0.00337201      7.87443e-05      5.35786e-05      2.82751e-05      1.12261e-06      1.08755e-06      5.39363e-07      5.86755e-07      3.90013e-07      1.4225e-07
1829      0.000399898      0.00147883      2.28604e-05      1.57097e-05      8.05381e-06      0.00311062      7.03939e-05      4.79425e-05      2.52023e-05      9.81345e-07      9.47308e-07      4.68035e-07      5.12634e-07      3.38306e-07      1.23356e-07
1848      0.000372634      0.00138655      2.10908e-05      1.44999e-05      7.4201e-06      0.0029275      6.52731e-05      4.44798e-05      2.33385e-05      8.96621e-07      8.67073e-07      4.27693e-07      4.68256e-07      3.09095e-07      1.12297e-07
1867      0.000337984      0.00126538      1.86709e-05      1.28458e-05      6.5478e-06      0.00270003      5.83473e-05      3.97981e-05      2.0801e-05      7.83776e-07      7.55189e-07      3.71104e-07      4.09057e-07      2.68083e-07      9.73732e-08
1886      0.000314752      0.0011858      1.72157e-05      1.18496e-05      6.02898e-06      0.00253988      5.40751e-05      3.69046e-05      1.92525e-05      7.15667e-07      6.9079e-07      3.38899e-07      3.73395e-07      2.44773e-07      8.85824e-08
1905      0.000285258      0.00108137      1.52273e-05      1.04887e-05      5.31549e-06      0.00234119      4.83024e-05      3.29963e-05      1.71464e-05      6.25084e-07      6.01071e-07      2.93769e-07      3.25891e-07      2.12076e-07      7.67384e-08
1924      0.000265623      0.00101334      1.40427e-05      9.67677e-06      4.89516e-06      0.00220211      4.47725e-05      3.06015e-05      1.58725e-05      5.70865e-07      5.49951e-07      2.68349e-07      2.97518e-07      1.93685e-07      6.98232e-08
1943      0.000240406      0.00092291      1.23998e-05      8.55087e-06      4.30829e-06      0.00202782      3.99344e-05      2.73208e-05      1.41147e-05      4.97758e-07      4.77589e-07      2.32146e-07      2.59196e-07      1.67468e-07      6.03722e-08
1962      0.00022394      0.000865231      1.14451e-05      7.89555e-06      3.97117e-06      0.00190785      3.70445e-05      2.5357e-05      1.30766e-05      4.54999e-07      4.37439e-07      2.12298e-07      2.36838e-07      1.53116e-07      5.49864e-08
1981      0.000202288      0.000786547      1.00805e-05      6.95916e-06      3.48588e-06      0.00175433      3.29683e-05      2.25885e-05      1.16017e-05      3.95694e-07      3.78758e-07      1.83098e-07      2.05769e-07      1.31979e-07      4.74066e-08
2000      0.00018858      0.000738017      9.31787e-06      6.43498e-06      3.21797e-06      0.00165148      3.06222e-05      2.09914e-05      1.07629e-05      3.6226e-07      3.47531e-07      1.67754e-07      1.88304e-07      1.20891e-07      4.325e-08
