m_sg,dd,du,ds,dc,db,uu,us,uc,ub,ss,sc,sb,cc,cb,bb
100      0.0301964      0.0667098      0.00266628      0.00179912      0.00103083      0.143018      0.00624555      0.00416752      0.00244165      0.000256787      0.000183734      0.000100938      0.000132303      7.27104e-05      3.96034e-05
138      0.0294706      0.0650727      0.00260528      0.00175796      0.00100741      0.13943      0.00610039      0.00407065      0.00238536      0.000251074      0.000179644      9.87041e-05      0.000129358      7.11008e-05      3.87314e-05
157      0.0290446      0.0641148      0.00256923      0.00173363      0.000993562      0.137338      0.0060148      0.00401353      0.00235212      0.000247685      0.000177218      9.7378e-05      0.000127611      7.01454e-05      3.82135e-05
176      0.0285834      0.06308      0.00253      0.00170716      0.000978481      0.135084      0.0059218      0.00395148      0.00231599      0.000243988      0.000174572      9.59307e-05      0.000125705      6.91027e-05      3.76479e-05
195      0.0280918      0.0619795      0.002488      0.00167882      0.00096232      0.132692      0.00582237      0.00388513      0.00227732      0.000240019      0.000171732      9.4376e-05      0.000123659      6.79827e-05      3.70401e-05
214      0.0275747      0.0608243      0.0024436      0.00164886      0.000945227      0.130186      0.00571744      0.00381511      0.00223649      0.000235812      0.000168721      9.27276e-05      0.000121491      6.67952e-05      3.63954e-05
233      0.0270365      0.0596243      0.00239717      0.00161753      0.000927343      0.127589      0.00560788      0.00374201      0.00219382      0.000231403      0.000165566      9.09989e-05      0.000119219      6.55498e-05      3.57189e-05
252      0.0264814      0.058389      0.00234908      0.00158508      0.000908803      0.124921      0.00549454      0.00366638      0.00214965      0.000226823      0.000162288      8.92027e-05      0.000116858      6.42558e-05      3.50157e-05
271      0.0259133      0.0571269      0.00229964      0.00155172      0.000889733      0.122201      0.00537819      0.00358875      0.00210428      0.000222105      0.000158912      8.73511e-05      0.000114427      6.29219e-05      3.42905e-05
290      0.0253355      0.0558456      0.00224916      0.00151766      0.000870251      0.119443      0.00525955      0.00350959      0.00205798      0.000217276      0.000155456      8.54555e-05      0.000111939      6.15564e-05      3.35477e-05
309      0.0247513      0.054552      0.00219793      0.00148309      0.000850466      0.116664      0.00513926      0.00342933      0.00201101      0.000212364      0.000151942      8.35264e-05      0.000109408      6.01667e-05      3.27915e-05
328      0.0241634      0.0532522      0.00214619      0.00144818      0.000830475      0.113876      0.00501793      0.00334838      0.00196361      0.000207393      0.000148385      8.15736e-05      0.000106846      5.876e-05      3.20257e-05
347      0.0235743      0.0519516      0.00209417      0.00141308      0.000810367      0.11109      0.00489609      0.00326708      0.00191597      0.000202387      0.000144803      7.9606e-05      0.000104267      5.73426e-05      3.12538e-05
366      0.0229863      0.0506549      0.00204209      0.00137794      0.000790223      0.108316      0.0047742      0.00318575      0.0018683      0.000197365      0.000141209      7.76315e-05      0.000101679      5.59203e-05      3.0479e-05
385      0.0224012      0.0493662      0.00199012      0.00134287      0.000770115      0.105563      0.00465268      0.00310467      0.00182075      0.000192345      0.000137618      7.56574e-05      9.90933e-05      5.44983e-05      2.97041e-05
404      0.0218208      0.048089      0.00193842      0.00130799      0.000750105      0.102837      0.00453191      0.00302408      0.00177348      0.000187345      0.00013404      7.36902e-05      9.6517e-05      5.30812e-05      2.89316e-05
423      0.0212464      0.0468265      0.00188714      0.00127339      0.000730249      0.100145      0.00441221      0.00294421      0.0017266      0.000182377      0.000130486      7.17355e-05      9.39579e-05      5.16732e-05      2.81639e-05
442      0.0206794      0.0455811      0.0018364      0.00123915      0.000710596      0.0974916      0.00429385      0.00286523      0.00168023      0.000177455      0.000126965      6.97983e-05      9.14225e-05      5.02778e-05      2.74029e-05
461      0.0201207      0.044355      0.00178631      0.00120535      0.000691187      0.0948817      0.00417707      0.00278731      0.00163446      0.000172591      0.000123485      6.78831e-05      8.89164e-05      4.88983e-05      2.66503e-05
480      0.0195713      0.04315      0.00173695      0.00117205      0.000672058      0.0923188      0.00406208      0.00271058      0.00158938      0.000167792      0.000120052      6.59937e-05      8.64446e-05      4.75373e-05      2.59077e-05
499      0.0190318      0.0419677      0.00168841      0.0011393      0.000653241      0.0898055      0.00394904      0.00263515      0.00154506      0.000163068      0.000116672      6.41332e-05      8.40113e-05      4.61972e-05      2.51763e-05
518      0.0185028      0.0408092      0.00164075      0.00110714      0.000634759      0.0873443      0.00383811      0.00256113      0.00150155      0.000158426      0.000113351      6.23045e-05      8.16199e-05      4.48799e-05      2.44573e-05
537      0.0179849      0.0396753      0.00159402      0.0010756      0.000616635      0.0849368      0.00372938      0.00248858      0.00145889      0.00015387      0.000110092      6.05098e-05      7.92734e-05      4.35872e-05      2.37516e-05
556      0.0174784      0.0385669      0.00154826      0.00104473      0.000598885      0.0825844      0.00362296      0.00241756      0.00141714      0.000149407      0.000106899      5.8751e-05      7.69742e-05      4.23204e-05      2.30599e-05
575      0.0169835      0.0374844      0.00150351      0.00101453      0.000581524      0.0802878      0.00351892      0.00234814      0.0013763      0.000145038      0.000103774      5.70296e-05      7.47242e-05      4.10805e-05      2.23828e-05
594      0.0165005      0.0364282      0.00145979      0.000985032      0.00056456      0.0780478      0.00341731      0.00228033      0.00133642      0.000140769      0.000100719      5.53469e-05      7.2525e-05      3.98684e-05      2.17209e-05
613      0.0160294      0.0353985      0.00141713      0.000956241      0.000548002      0.0758646      0.00331816      0.00221417      0.0012975      0.000136599      9.77367e-05      5.37037e-05      7.03777e-05      3.86849e-05      2.10744e-05
632      0.0155704      0.0343952      0.00137552      0.000928167      0.000531855      0.073738      0.0032215      0.00214967      0.00125955      0.000132533      9.48274e-05      5.21006e-05      6.8283e-05      3.75302e-05      2.04437e-05
651      0.0151234      0.0334184      0.00133499      0.000900814      0.000516121      0.071668      0.00312734      0.00208683      0.00122258      0.000128569      9.19919e-05      5.05382e-05      6.62415e-05      3.64048e-05      1.98289e-05
670      0.0146883      0.032468      0.00129552      0.000874183      0.000500802      0.069654      0.00303567      0.00202566      0.00118658      0.000124709      8.92306e-05      4.90165e-05      6.42534e-05      3.53088e-05      1.92302e-05
689      0.0142652      0.0315436      0.00125712      0.000848272      0.000485896      0.0676955      0.0029465      0.00196615      0.00115156      0.000120952      8.65434e-05      4.75356e-05      6.23186e-05      3.42421e-05      1.86475e-05
708      0.0138538      0.030645      0.00121978      0.000823076      0.000471401      0.0657918      0.00285979      0.00190829      0.00111751      0.000117299      8.39301e-05      4.60954e-05      6.04371e-05      3.32048e-05      1.80807e-05
727      0.0134541      0.0297719      0.00118349      0.00079859      0.000457314      0.063942      0.00277553      0.00185206      0.00108442      0.000113749      8.13902e-05      4.46956e-05      5.86083e-05      3.21965e-05      1.75299e-05
746      0.0130658      0.0289238      0.00114825      0.000774805      0.00044363      0.0621452      0.00269368      0.00179744      0.00105228      0.0001103      7.89229e-05      4.33358e-05      5.68319e-05      3.12171e-05      1.69948e-05
765      0.0126887      0.0281002      0.00111402      0.000751711      0.000430344      0.0604005      0.0026142      0.00174441      0.00102107      0.000106951      7.65273e-05      4.20155e-05      5.51071e-05      3.02662e-05      1.64752e-05
784      0.0123228      0.0273008      0.0010808      0.000729297      0.000417449      0.0587067      0.00253707      0.00169293      0.000990776      0.000103701      7.42024e-05      4.07342e-05      5.34332e-05      2.93433e-05      1.5971e-05
803      0.0119676      0.0265249      0.00104858      0.00070755      0.000404939      0.0570628      0.00246222      0.00164299      0.000961385      0.000100548      7.1947e-05      3.94912e-05      5.18093e-05      2.8448e-05      1.54819e-05
822      0.0116231      0.0257722      0.00101732      0.000686458      0.000392806      0.0554676      0.00238962      0.00159454      0.000932878      9.74904e-05      6.97598e-05      3.82859e-05      5.02346e-05      2.75798e-05      1.50076e-05
841      0.0112889      0.0250419      0.000987013      0.000666007      0.000381042      0.0539199      0.00231923      0.00154757      0.000905236      9.45263e-05      6.76394e-05      3.71175e-05      4.8708e-05      2.67382e-05      1.45479e-05
860      0.0109648      0.0243337      0.000957633      0.000646182      0.000369638      0.0524185      0.00225098      0.00150202      0.000878439      9.16537e-05      6.55845e-05      3.59851e-05      4.72284e-05      2.59226e-05      1.41023e-05
879      0.0106506      0.0236468      0.000929161      0.000626969      0.000358588      0.0509623      0.00218482      0.00145788      0.000852467      8.88705e-05      6.35934e-05      3.4888e-05      4.57949e-05      2.51324e-05      1.36707e-05
898      0.010346      0.0229809      0.000901572      0.000608353      0.000347881      0.0495501      0.00212071      0.00141509      0.000827299      8.61744e-05      6.16648e-05      3.38254e-05      4.44063e-05      2.4367e-05      1.32526e-05
917      0.0100508      0.0223352      0.000874844      0.000590317      0.00033751      0.0481806      0.00205859      0.00137364      0.000802916      8.35634e-05      5.9797e-05      3.27963e-05      4.30614e-05      2.36258e-05      1.28478e-05
936      0.00976459      0.0217093      0.000848956      0.000572848      0.000327465      0.0468527      0.00199841      0.00133348      0.000779295      8.10353e-05      5.79884e-05      3.17999e-05      4.17593e-05      2.29081e-05      1.24559e-05
955      0.00948726      0.0211025      0.000823883      0.000555929      0.000317737      0.0455651      0.00194011      0.00129458      0.000756416      7.85877e-05      5.62374e-05      3.08354e-05      4.04986e-05      2.22134e-05      1.20765e-05
974      0.00921852      0.0205144      0.000799603      0.000539546      0.000308318      0.0443167      0.00188365      0.0012569      0.000734259      7.62184e-05      5.45425e-05      2.99018e-05      3.92782e-05      2.1541e-05      1.17093e-05
993      0.00895812      0.0199444      0.000776093      0.000523682      0.000299199      0.0431063      0.00182896      0.00122041      0.000712802      7.39253e-05      5.29021e-05      2.89983e-05      3.80971e-05      2.08902e-05      1.1354e-05
1012      0.0087058      0.0193919      0.00075333      0.000508322      0.000290371      0.0419329      0.001776      0.00118507      0.000692025      7.17062e-05      5.13145e-05      2.8124e-05      3.6954e-05      2.02604e-05      1.10101e-05
1031      0.00846133      0.0188564      0.000731293      0.000493452      0.000281825      0.0407952      0.00172472      0.00115084      0.000671908      6.95587e-05      4.97782e-05      2.72781e-05      3.58479e-05      1.96511e-05      1.06775e-05
1050      0.00822448      0.0183374      0.00070996      0.000479057      0.000273553      0.0396923      0.00167506      0.00111771      0.00065243      6.74809e-05      4.82917e-05      2.64596e-05      3.47776e-05      1.90615e-05      1.03557e-05
1069      0.00799499      0.0178344      0.000689308      0.000465122      0.000265546      0.0386229      0.00162697      0.00108562      0.000633573      6.54704e-05      4.68535e-05      2.56677e-05      3.3742e-05      1.84912e-05      1.00444e-05
1088      0.00777265      0.017347      0.000669317      0.000451632      0.000257797      0.0375861      0.00158041      0.00105455      0.000615317      6.35254e-05      4.54619e-05      2.49017e-05      3.27401e-05      1.79394e-05      9.74328e-06
1107      0.00755723      0.0168745      0.000649966      0.000438575      0.000250296      0.0365809      0.00153532      0.00102446      0.000597642      6.16436e-05      4.41157e-05      2.41607e-05      3.17707e-05      1.74056e-05      9.45201e-06
1126      0.00734852      0.0164165      0.000631234      0.000425935      0.000243037      0.0356063      0.00149167      0.000995334      0.000580531      5.98231e-05      4.28132e-05      2.34439e-05      3.08329e-05      1.68893e-05      9.17029e-06
1145      0.00714629      0.0159727      0.000613102      0.000413701      0.000236012      0.0346612      0.0014494      0.000967129      0.000563966      5.80619e-05      4.15532e-05      2.27505e-05      2.99257e-05      1.63898e-05      8.89781e-06
1164      0.00695035      0.0155424      0.000595551      0.000401858      0.000229212      0.0337448      0.00140847      0.000939819      0.000547929      5.6358e-05      4.03342e-05      2.20797e-05      2.9048e-05      1.59067e-05      8.63426e-06
1183      0.00676048      0.0151254      0.000578561      0.000390393      0.000222631      0.0328562      0.00136884      0.000913374      0.000532402      5.47097e-05      3.91549e-05      2.14309e-05      2.81988e-05      1.54394e-05      8.37936e-06
1202      0.0065765      0.0147211      0.000562114      0.000379296      0.000216261      0.0319943      0.00133046      0.000887766      0.000517369      5.3115e-05      3.8014e-05      2.08033e-05      2.73773e-05      1.49873e-05      8.13281e-06
1221      0.00639821      0.0143291      0.000546193      0.000368553      0.000210096      0.0311585      0.0012933      0.000862968      0.000502814      5.15722e-05      3.69102e-05      2.01962e-05      2.65825e-05      1.45499e-05      7.89434e-06
1240      0.00622542      0.0139491      0.000530779      0.000358152      0.000204128      0.0303478      0.00125731      0.000838953      0.000488721      5.00796e-05      3.58423e-05      1.96089e-05      2.58136e-05      1.41269e-05      7.66367e-06
1259      0.00605796      0.0135807      0.000515856      0.000348083      0.000198351      0.0295614      0.00122245      0.000815696      0.000475075      4.86354e-05      3.48091e-05      1.90407e-05      2.50696e-05      1.37176e-05      7.44056e-06
1278      0.00589565      0.0132234      0.000501408      0.000338334      0.000192759      0.0287986      0.0011887      0.00079317      0.000461861      4.72381e-05      3.38093e-05      1.8491e-05      2.43497e-05      1.33217e-05      7.22473e-06
1297      0.00573832      0.012877      0.000487419      0.000328895      0.000187346      0.0280586      0.001156      0.000771353      0.000449064      4.58861e-05      3.2842e-05      1.79592e-05      2.36531e-05      1.29386e-05      7.01595e-06
1316      0.00558582      0.012541      0.000473873      0.000319755      0.000182105      0.0273406      0.00112433      0.000750219      0.000436671      4.45778e-05      3.19059e-05      1.74447e-05      2.29791e-05      1.2568e-05      6.81396e-06
1335      0.00543797      0.0122152      0.000460756      0.000310904      0.00017703      0.0266439      0.00109365      0.000729747      0.000424668      4.33117e-05      3.1e-05      1.69468e-05      2.23268e-05      1.22093e-05      6.61855e-06
1354      0.00529462      0.0118991      0.000448053      0.000302333      0.000172117      0.0259679      0.00106392      0.000709914      0.000413042      4.20864e-05      3.01233e-05      1.64651e-05      2.16955e-05      1.18623e-05      6.42949e-06
1373      0.00515564      0.0115925      0.000435749      0.000294031      0.000167359      0.0253118      0.00103512      0.000690699      0.000401779      4.09005e-05      2.92748e-05      1.59989e-05      2.10845e-05      1.15264e-05      6.24655e-06
1392      0.00502086      0.0112951      0.000423833      0.00028599      0.000162752      0.0246751      0.00100722      0.000672081      0.000390869      3.97526e-05      2.84535e-05      1.55477e-05      2.04931e-05      1.12014e-05      6.06952e-06
1411      0.00489016      0.0110066      0.000412289      0.000278202      0.000158289      0.024057      0.000980182      0.00065404      0.000380299      3.86415e-05      2.76585e-05      1.5111e-05      1.99206e-05      1.08868e-05      5.89821e-06
1430      0.0047634      0.0107266      0.000401107      0.000270657      0.000153967      0.023457      0.000953979      0.000636556      0.000370058      3.75659e-05      2.68888e-05      1.46883e-05      1.93664e-05      1.05824e-05      5.73242e-06
1449      0.00464045      0.0104549      0.000390273      0.000263347      0.000149781      0.0228745      0.000928584      0.000619612      0.000360134      3.65245e-05      2.61437e-05      1.42791e-05      1.88298e-05      1.02876e-05      5.57195e-06
1468      0.00452118      0.0101912      0.000379777      0.000256264      0.000145725      0.022309      0.000903969      0.000603188      0.000350517      3.55163e-05      2.54222e-05      1.3883e-05      1.83103e-05      1.00023e-05      5.41661e-06
1487      0.00440548      0.00993527      0.000369605      0.000249401      0.000141796      0.0217598      0.000880108      0.000587268      0.000341197      3.454e-05      2.47236e-05      1.34995e-05      1.78072e-05      9.72598e-06      5.26625e-06
1506      0.00429322      0.00968686      0.000359748      0.000242751      0.000137989      0.0212265      0.000856976      0.000571834      0.000332163      3.35945e-05      2.40471e-05      1.31281e-05      1.732e-05      9.45848e-06      5.12067e-06
1525      0.00418429      0.0094457      0.000350195      0.000236305      0.0001343      0.0207085      0.000834549      0.00055687      0.000323406      3.26788e-05      2.33919e-05      1.27685e-05      1.68482e-05      9.19943e-06      4.97972e-06
1544      0.00407858      0.00921158      0.000340936      0.000230057      0.000130725      0.0202054      0.000812803      0.000542361      0.000314916      3.17919e-05      2.27573e-05      1.24203e-05      1.63912e-05      8.94856e-06      4.84323e-06
1563      0.00397599      0.00898425      0.00033196      0.000224001      0.00012726      0.0197167      0.000791715      0.00052829      0.000306685      3.09328e-05      2.21425e-05      1.2083e-05      1.59485e-05      8.70558e-06      4.71106e-06
1582      0.00387642      0.00876349      0.000323258      0.00021813      0.000123902      0.0192418      0.000771263      0.000514645      0.000298704      3.01005e-05      2.15469e-05      1.17563e-05      1.55196e-05      8.47022e-06      4.58304e-06
1601      0.00377976      0.0085491      0.000314821      0.000212437      0.000120646      0.0187805      0.000751426      0.000501409      0.000290965      2.92941e-05      2.09699e-05      1.14398e-05      1.5104e-05      8.24221e-06      4.45905e-06
1620      0.00368592      0.00834087      0.000306641      0.000206917      0.00011749      0.0183322      0.000732184      0.00048857      0.000283459      2.85128e-05      2.04107e-05      1.11331e-05      1.47014e-05      8.02131e-06      4.33894e-06
1639      0.00359481      0.0081386      0.000298707      0.000201564      0.00011443      0.0178965      0.000713516      0.000476115      0.000276178      2.77556e-05      1.98689e-05      1.0836e-05      1.43112e-05      7.80727e-06      4.22257e-06
1658      0.00350634      0.0079421      0.000291013      0.000196372      0.000111462      0.017473      0.000695404      0.000464031      0.000269116      2.70218e-05      1.93437e-05      1.05481e-05      1.3933e-05      7.59986e-06      4.10982e-06
1677      0.00342043      0.00775119      0.000283549      0.000191337      0.000108585      0.0170614      0.000677829      0.000452305      0.000262264      2.63105e-05      1.88347e-05      1.02691e-05      1.35664e-05      7.39885e-06      4.00057e-06
1696      0.00333698      0.00756568      0.000276309      0.000186452      0.000105793      0.0166612      0.000660774      0.000440925      0.000255616      2.5621e-05      1.83413e-05      9.99864e-06      1.3211e-05      7.20401e-06      3.89469e-06
1715      0.00325593      0.0073854      0.000269285      0.000181712      0.000103086      0.0162721      0.000644221      0.000429881      0.000249166      2.49525e-05      1.78629e-05      9.73648e-06      1.28665e-05      7.01515e-06      3.79207e-06
1734      0.00317719      0.00721019      0.00026247      0.000177114      0.00010046      0.0158938      0.000628154      0.000419161      0.000242906      2.43043e-05      1.73991e-05      9.48232e-06      1.25325e-05      6.83206e-06      3.6926e-06
1753      0.0031007      0.00703988      0.000255856      0.000172652      9.79113e-05      0.0155259      0.000612556      0.000408754      0.00023683      2.36758e-05      1.69493e-05      9.23591e-06      1.22086e-05      6.65453e-06      3.59617e-06
1772      0.00302637      0.00687433      0.000249438      0.000168321      9.54387e-05      0.0151681      0.000597413      0.000398651      0.000230932      2.30663e-05      1.65131e-05      8.99696e-06      1.18944e-05      6.48239e-06      3.50268e-06
1791      0.00295414      0.00671338      0.000243208      0.000164118      9.30392e-05      0.0148201      0.00058271      0.000388841      0.000225207      2.24751e-05      1.609e-05      8.76524e-06      1.15897e-05      6.31545e-06      3.41202e-06
1810      0.00288394      0.00655688      0.000237161      0.000160037      9.07104e-05      0.0144815      0.000568432      0.000379314      0.000219648      2.19017e-05      1.56796e-05      8.54049e-06      1.12941e-05      6.15354e-06      3.32411e-06
1829      0.00281572      0.0064047      0.00023129      0.000156076      8.845e-05      0.0141521      0.000554565      0.000370063      0.00021425      2.13453e-05      1.52814e-05      8.32249e-06      1.10074e-05      5.99648e-06      3.23884e-06
1848      0.00274939      0.0062567      0.00022559      0.00015223      8.62557e-05      0.0138316      0.000541096      0.000361076      0.000209009      2.08056e-05      1.48951e-05      8.111e-06      1.07292e-05      5.84412e-06      3.15613e-06
1867      0.00268492      0.00611275      0.000220055      0.000148496      8.41253e-05      0.0135198      0.000528012      0.000352347      0.000203918      2.02818e-05      1.45203e-05      7.90581e-06      1.04592e-05      5.6963e-06      3.0759e-06
1886      0.00262223      0.00597272      0.00021468      0.000144869      8.20568e-05      0.0132163      0.000515302      0.000343866      0.000198973      1.97735e-05      1.41565e-05      7.70671e-06      1.01972e-05      5.55286e-06      2.99806e-06
1905      0.00256127      0.0058365      0.000209459      0.000141347      8.00481e-05      0.0129209      0.000502952      0.000335627      0.00019417      1.92802e-05      1.38034e-05      7.5135e-06      9.94292e-06      5.41365e-06      2.92253e-06
1924      0.00250199      0.00570396      0.000204388      0.000137925      7.80973e-05      0.0126333      0.000490951      0.00032762      0.000189503      1.88013e-05      1.34606e-05      7.32597e-06      9.69607e-06      5.27855e-06      2.84924e-06
1943      0.00244433      0.005575      0.000199462      0.000134601      7.62025e-05      0.0123534      0.000479288      0.000319838      0.000184969      1.83364e-05      1.31279e-05      7.14395e-06      9.45644e-06      5.14741e-06      2.7781e-06
1962      0.00238824      0.00544949      0.000194675      0.000131371      7.43619e-05      0.0120808      0.000467952      0.000312275      0.000180563      1.7885e-05      1.28049e-05      6.96724e-06      9.22377e-06      5.02011e-06      2.70905e-06
1981      0.00233368      0.00532734      0.000190024      0.000128233      7.25737e-05      0.0118154      0.000456934      0.000304924      0.00017628      1.74468e-05      1.24912e-05      6.79568e-06      8.99784e-06      4.8965e-06      2.64202e-06
2000      0.0022806      0.00520845      0.000185505      0.000125184      7.08363e-05      0.011557      0.000446222      0.000297777      0.000172118      1.70211e-05      1.21865e-05      6.6291e-06      8.77844e-06      4.77649e-06      2.57695e-06
