m_sg,dd,du,ds,dc,db,uu,us,uc,ub,ss,sc,sb,cc,cb,bb
100      0.0316671      0.0702814      0.0028242      0.00190582      0.00109279      0.149802      0.00660613      0.00440856      0.00258472      0.0002706      0.000195266      0.000107355      0.00013941      7.73292e-05      4.17725e-05
138      0.0321197      0.0715102      0.00289329      0.00195255      0.00112054      0.151549      0.00675642      0.0045092      0.00264598      0.000276268      0.000200759      0.000110461      0.00014232      7.95639e-05      4.26936e-05
157      0.0323641      0.0721866      0.00293261      0.00197916      0.00113638      0.15246      0.00684145      0.00456615      0.00268075      0.00027947      0.000203918      0.00011225      0.000143963      8.0851e-05      4.32162e-05
176      0.0326117      0.0728837      0.00297417      0.00200727      0.00115315      0.153358      0.00693089      0.00462608      0.00271743      0.000282829      0.00020728      0.000114157      0.000145687      8.22229e-05      4.37665e-05
195      0.0328567      0.0735879      0.00301726      0.00203643      0.00117058      0.154218      0.00702322      0.00468794      0.00275539      0.000286283      0.000210794      0.000116154      0.000147459      8.36586e-05      4.43343e-05
214      0.0330939      0.0742872      0.00306126      0.00206621      0.00118842      0.15502      0.00711702      0.00475081      0.00279406      0.000289772      0.000214411      0.000118211      0.000149248      8.51384e-05      4.49102e-05
233      0.0333189      0.0749712      0.00310556      0.0020962      0.00120643      0.155747      0.007211      0.00481382      0.00283292      0.000293243      0.000218084      0.000120304      0.000151027      8.66434e-05      4.54855e-05
252      0.0335279      0.0756312      0.00314965      0.00212605      0.0012244      0.156387      0.00730404      0.00487621      0.00287151      0.000296647      0.000221772      0.000122408      0.000152771      8.81565e-05      4.60523e-05
271      0.033718      0.07626      0.00319306      0.00215544      0.00124213      0.156929      0.00739514      0.00493733      0.00290942      0.00029994      0.000225435      0.000124502      0.000154459      8.96621e-05      4.66035e-05
290      0.0338869      0.0768516      0.00323538      0.00218411      0.00125947      0.157367      0.00748344      0.00499659      0.00294629      0.000303087      0.000229042      0.000126566      0.00015607      9.11463e-05      4.71332e-05
309      0.0340328      0.0774017      0.00327627      0.00221181      0.00127627      0.157695      0.00756823      0.00505352      0.00298182      0.000306055      0.00023256      0.000128584      0.000157589      9.25971e-05      4.7636e-05
328      0.0341545      0.0779066      0.00331543      0.00223834      0.00129241      0.157913      0.00764892      0.00510771      0.00301577      0.000308821      0.000235966      0.000130541      0.000159004      9.40038e-05      4.81078e-05
347      0.0342513      0.078364      0.00335263      0.00226356      0.0013078      0.158018      0.00772502      0.00515885      0.00304792      0.000311364      0.000239238      0.000132425      0.000160304      9.53574e-05      4.8545e-05
366      0.0343229      0.078772      0.00338768      0.00228732      0.00132234      0.158011      0.00779617      0.00520669      0.00307812      0.000313668      0.000242358      0.000134224      0.000161481      9.66506e-05      4.8945e-05
385      0.0343691      0.0791299      0.00342042      0.00230953      0.00133599      0.157896      0.00786207      0.00525103      0.00310624      0.000315722      0.000245311      0.000135931      0.000162529      9.78772e-05      4.93058e-05
404      0.0343902      0.0794372      0.00345075      0.00233011      0.00134868      0.157673      0.00792253      0.00529173      0.00313219      0.000317519      0.000248086      0.000137538      0.000163446      9.90324e-05      4.9626e-05
423      0.0343868      0.0796941      0.00347858      0.00234901      0.00136039      0.157348      0.00797742      0.00532871      0.0031559      0.000319056      0.000250674      0.000139042      0.000164228      0.000100113      4.99048e-05
442      0.0343595      0.0799012      0.00350388      0.00236619      0.00137109      0.156925      0.00802667      0.00536193      0.00317735      0.000320331      0.000253069      0.000140437      0.000164875      0.000101115      5.01419e-05
461      0.0343092      0.0800594      0.00352662      0.00238164      0.00138077      0.156408      0.00807026      0.00539136      0.00319651      0.000321347      0.000255268      0.000141722      0.00016539      0.000102038      5.03374e-05
480      0.0342367      0.0801699      0.0035468      0.00239536      0.00138943      0.155802      0.00810823      0.00541703      0.00321339      0.000322106      0.000257268      0.000142895      0.000165772      0.00010288      5.04917e-05
499      0.0341432      0.0802342      0.00356444      0.00240737      0.00139707      0.155112      0.00814064      0.00543898      0.00322802      0.000322615      0.000259068      0.000143955      0.000166026      0.000103641      5.06057e-05
518      0.0340297      0.0802538      0.00357958      0.00241768      0.00140371      0.154345      0.0081676      0.00545728      0.00324043      0.000322881      0.00026067      0.000144904      0.000166156      0.000104322      5.06803e-05
537      0.0338974      0.0802304      0.00359226      0.00242634      0.00140936      0.153504      0.00818923      0.00547201      0.00325066      0.000322912      0.000262077      0.000145742      0.000166164      0.000104923      5.07169e-05
556      0.0337473      0.0801658      0.00360255      0.00243337      0.00141405      0.152596      0.00820568      0.00548328      0.00325878      0.000322717      0.000263291      0.00014647      0.000166057      0.000105446      5.07167e-05
575      0.0335807      0.0800619      0.0036105      0.00243883      0.0014178      0.151625      0.00821712      0.00549119      0.00326484      0.000322307      0.000264317      0.000147093      0.000165839      0.000105892      5.06813e-05
594      0.0333987      0.0799205      0.00361621      0.00244276      0.00142064      0.150597      0.00822372      0.00549586      0.00326892      0.000321691      0.000265159      0.000147611      0.000165516      0.000106263      5.06123e-05
613      0.0332024      0.0797437      0.00361974      0.00244523      0.0014226      0.149517      0.00822568      0.00549741      0.00327108      0.000320881      0.000265824      0.000148027      0.000165092      0.000106562      5.05114e-05
632      0.0329929      0.0795333      0.00362119      0.00244628      0.00142371      0.148388      0.00822318      0.00549597      0.0032714      0.000319886      0.000266317      0.000148347      0.000164575      0.00010679      5.03802e-05
651      0.0327713      0.0792911      0.00362064      0.00244597      0.00142401      0.147217      0.00821643      0.00549168      0.00326997      0.000318719      0.000266645      0.000148571      0.000163969      0.00010695      5.02206e-05
670      0.0325387      0.079019      0.00361818      0.00244438      0.00142353      0.146007      0.00820562      0.00548467      0.00326687      0.00031739      0.000266813      0.000148706      0.00016328      0.000107045      5.00342e-05
689      0.032296      0.0787189      0.00361389      0.00244155      0.00142231      0.144762      0.00819095      0.00547508      0.00326216      0.000315911      0.000266829      0.000148753      0.000162513      0.000107078      4.98228e-05
708      0.0320442      0.0783924      0.00360788      0.00243754      0.00142038      0.143486      0.00817264      0.00546303      0.00325594      0.00031429      0.0002667      0.000148717      0.000161675      0.000107051      4.9588e-05
727      0.0317842      0.0780414      0.00360022      0.00243243      0.00141779      0.142184      0.00815086      0.00544866      0.00324828      0.000312539      0.000266432      0.000148602      0.000160769      0.000106967      4.93315e-05
746      0.0315169      0.0776674      0.00359101      0.00242626      0.00141455      0.140858      0.00812582      0.0054321      0.00323926      0.000310668      0.000266032      0.000148411      0.000159802      0.000106828      4.90548e-05
765      0.0312431      0.0772722      0.00358033      0.0024191      0.00141072      0.139511      0.00809772      0.00541347      0.00322897      0.000308686      0.000265508      0.000148149      0.000158779      0.000106638      4.87596e-05
784      0.0309635      0.0768571      0.00356827      0.002411      0.00140632      0.138148      0.00806672      0.00539291      0.00321746      0.000306603      0.000264865      0.000147819      0.000157703      0.0001064      4.84473e-05
803      0.0306789      0.0764236      0.00355491      0.00240202      0.00140139      0.13677      0.00803302      0.00537053      0.00320483      0.000304427      0.00026411      0.000147425      0.00015658      0.000106115      4.81194e-05
822      0.03039      0.0759733      0.00354034      0.00239222      0.00139596      0.13538      0.00799678      0.00534645      0.00319113      0.000302167      0.00026325      0.00014697      0.000155414      0.000105787      4.77772e-05
841      0.0300973      0.0755074      0.00352462      0.00238164      0.00139005      0.133981      0.00795819      0.00532077      0.00317644      0.000299831      0.000262291      0.000146459      0.000154209      0.000105418      4.7422e-05
860      0.0298016      0.0750272      0.00350784      0.00237034      0.00138371      0.132575      0.00791739      0.00529362      0.00316083      0.000297426      0.000261239      0.000145894      0.000152969      0.00010501      4.7055e-05
879      0.0295034      0.0745339      0.00349006      0.00235836      0.00137696      0.131164      0.00787454      0.00526509      0.00314435      0.00029496      0.000260099      0.000145279      0.000151698      0.000104567      4.66776e-05
898      0.0292031      0.0740287      0.00347136      0.00234576      0.00136982      0.129751      0.00782981      0.00523529      0.00312708      0.000292439      0.000258879      0.000144617      0.000150399      0.00010409      4.62907e-05
917      0.0289013      0.0735127      0.00345181      0.00233258      0.00136233      0.128337      0.00778331      0.00520431      0.00310906      0.000289871      0.000257583      0.000143911      0.000149075      0.000103581      4.58954e-05
936      0.0285985      0.072987      0.00343147      0.00231886      0.00135451      0.126923      0.00773521      0.00517224      0.00309036      0.000287261      0.000256216      0.000143165      0.00014773      0.000103043      4.54927e-05
955      0.0282949      0.0724524      0.00341039      0.00230465      0.00134639      0.125512      0.00768562      0.00513917      0.00307103      0.000284614      0.000254783      0.00014238      0.000146367      0.000102478      4.50836e-05
974      0.0279911      0.07191      0.00338864      0.00228998      0.00133799      0.124104      0.00763467      0.00510519      0.00305112      0.000281936      0.00025329      0.000141561      0.000144987      0.000101888      4.46688e-05
993      0.0276874      0.0713607      0.00336628      0.00227489      0.00132933      0.122701      0.00758248      0.00507037      0.00303068      0.000279232      0.000251741      0.000140709      0.000143595      0.000101274      4.42494e-05
1012      0.027384      0.0708052      0.00334335      0.00225942      0.00132044      0.121304      0.00752916      0.00503479      0.00300976      0.000276507      0.00025014      0.000139827      0.000142191      0.000100639      4.38259e-05
1031      0.0270813      0.0702444      0.00331991      0.0022436      0.00131133      0.119915      0.00747481      0.00499852      0.0029884      0.000273765      0.000248492      0.000138918      0.000140779      9.99842e-05      4.33991e-05
1050      0.0267796      0.069679      0.003296      0.00222746      0.00130202      0.118534      0.00741955      0.00496162      0.00296664      0.00027101      0.000246801      0.000137984      0.000139361      9.93113e-05      4.29697e-05
1069      0.0264792      0.0691097      0.00327168      0.00221104      0.00129254      0.117161      0.00736347      0.00492418      0.00294452      0.000268245      0.00024507      0.000137026      0.000137937      9.86218e-05      4.25383e-05
1088      0.0261801      0.0685371      0.00324698      0.00219437      0.0012829      0.115799      0.00730665      0.00488623      0.00292208      0.000265475      0.000243303      0.000136048      0.000136511      9.79173e-05      4.21055e-05
1107      0.0258827      0.0679619      0.00322195      0.00217746      0.00127312      0.114447      0.00724918      0.00484785      0.00289936      0.000262702      0.000241504      0.000135051      0.000135084      9.71993e-05      4.16718e-05
1126      0.0255872      0.0673846      0.00319661      0.00216036      0.0012632      0.113106      0.00719115      0.00480909      0.00287639      0.00025993      0.000239676      0.000134036      0.000133657      9.6469e-05      4.12378e-05
1145      0.0252936      0.0668058      0.00317102      0.00214308      0.00125318      0.111777      0.00713263      0.00477      0.00285321      0.00025716      0.000237822      0.000133007      0.000132231      9.57277e-05      4.08037e-05
1164      0.0250023      0.066226      0.00314521      0.00212564      0.00124306      0.110461      0.00707369      0.00473062      0.00282983      0.000254396      0.000235945      0.000131964      0.000130809      9.49767e-05      4.03702e-05
1183      0.0247132      0.0656457      0.0031192      0.00210807      0.00123286      0.109157      0.0070144      0.004691      0.0028063      0.00025164      0.000234047      0.000130909      0.000129391      9.42171e-05      3.99376e-05
1202      0.0244265      0.0650652      0.00309302      0.00209039      0.00122258      0.107866      0.00695483      0.0046512      0.00278263      0.000248894      0.000232132      0.000129843      0.000127978      9.345e-05      3.95062e-05
1221      0.0241424      0.0644851      0.00306672      0.00207262      0.00121225      0.106589      0.00689503      0.00461123      0.00275885      0.00024616      0.000230202      0.000128768      0.000126571      9.26763e-05      3.90763e-05
1240      0.0238609      0.0639057      0.0030403      0.00205478      0.00120186      0.105325      0.00683506      0.00457115      0.002735      0.00024344      0.000228259      0.000127686      0.000125171      9.18972e-05      3.86484e-05
1259      0.0235822      0.0633273      0.00301381      0.00203688      0.00119144      0.104075      0.00677498      0.00453099      0.00271108      0.000240736      0.000226305      0.000126597      0.00012378      9.11134e-05      3.82226e-05
1278      0.0233062      0.0627504      0.00298726      0.00201894      0.00118098      0.10284      0.00671483      0.00449079      0.00268711      0.000238048      0.000224343      0.000125503      0.000122397      9.03259e-05      3.77992e-05
1297      0.0230331      0.0621752      0.00296067      0.00200098      0.00117051      0.101619      0.00665466      0.00445057      0.00266313      0.000235378      0.000222374      0.000124405      0.000121024      8.95354e-05      3.73784e-05
1316      0.0227629      0.0616019      0.00293407      0.00198301      0.00116003      0.100412      0.00659452      0.00441036      0.00263914      0.000232728      0.000220401      0.000123304      0.000119661      8.87426e-05      3.69604e-05
1335      0.0224957      0.061031      0.00290748      0.00196504      0.00114955      0.09922      0.00653444      0.00437019      0.00261517      0.000230099      0.000218424      0.0001222      0.000118308      8.79484e-05      3.65455e-05
1354      0.0222314      0.0604625      0.00288091      0.00194709      0.00113907      0.0980426      0.00647446      0.00433009      0.00259123      0.000227491      0.000216446      0.000121096      0.000116966      8.71533e-05      3.61338e-05
1373      0.0219702      0.0598968      0.00285438      0.00192916      0.0011286      0.0968801      0.00641462      0.00429008      0.00256733      0.000224906      0.000214468      0.000119991      0.000115636      8.63581e-05      3.57254e-05
1392      0.0217121      0.0593341      0.00282791      0.00191127      0.00111815      0.0957322      0.00635496      0.00425019      0.00254349      0.000222343      0.000212492      0.000118886      0.000114319      8.55631e-05      3.53206e-05
1411      0.0214571      0.0587745      0.00280151      0.00189343      0.00110772      0.0945992      0.00629549      0.00421042      0.00251973      0.000219805      0.000210518      0.000117783      0.000113013      8.47691e-05      3.49193e-05
1430      0.0212051      0.0582183      0.0027752      0.00187565      0.00109733      0.0934809      0.00623626      0.00417081      0.00249604      0.000217291      0.000208548      0.000116682      0.00011172      8.39766e-05      3.45217e-05
1449      0.0209563      0.0576656      0.00274899      0.00185793      0.00108697      0.0923774      0.00617728      0.00413137      0.00247246      0.000214803      0.000206584      0.000115583      0.00011044      8.31859e-05      3.4128e-05
1468      0.0207105      0.0571166      0.00272288      0.00184029      0.00107666      0.0912885      0.00611858      0.00409212      0.00244897      0.000212339      0.000204625      0.000114488      0.000109173      8.23975e-05      3.37382e-05
1487      0.0204679      0.0565713      0.0026969      0.00182274      0.00106639      0.0902143      0.00606019      0.00405307      0.0024256      0.000209902      0.000202674      0.000113396      0.00010792      8.16119e-05      3.33523e-05
1506      0.0202284      0.05603      0.00267106      0.00180527      0.00105616      0.0891546      0.00600213      0.00401423      0.00240236      0.000207491      0.000200731      0.000112309      0.00010668      8.08295e-05      3.29705e-05
1525      0.019992      0.0554927      0.00264535      0.00178789      0.001046      0.0881093      0.0059444      0.00397563      0.00237925      0.000205107      0.000198797      0.000111227      0.000105454      8.00505e-05      3.25927e-05
1544      0.0197587      0.0549595      0.0026198      0.00177062      0.00103589      0.0870784      0.00588705      0.00393727      0.00235628      0.000202749      0.000196872      0.00011015      0.000104241      7.92753e-05      3.22191e-05
1563      0.0195284      0.0544306      0.0025944      0.00175346      0.00102584      0.0860618      0.00583006      0.00389915      0.00233345      0.000200419      0.000194959      0.000109078      0.000103043      7.85042e-05      3.18497e-05
1582      0.0193012      0.053906      0.00256917      0.0017364      0.00101585      0.0850593      0.00577348      0.00386131      0.00231078      0.000198115      0.000193056      0.000108013      0.000101858      7.77376e-05      3.14845e-05
1601      0.0190771      0.0533858      0.00254412      0.00171947      0.00100593      0.0840708      0.0057173      0.00382373      0.00228826      0.000195839      0.000191165      0.000106954      0.000100688      7.69756e-05      3.11234e-05
1620      0.018856      0.0528701      0.00251924      0.00170265      0.000996084      0.0830962      0.00566154      0.00378643      0.00226591      0.00019359      0.000189287      0.000105902      9.95312e-05      7.62185e-05      3.07667e-05
1639      0.0186379      0.0523588      0.00249455      0.00168596      0.000986306      0.0821353      0.0056062      0.00374942      0.00224373      0.000191368      0.000187421      0.000104857      9.83887e-05      7.54665e-05      3.04141e-05
1658      0.0184228      0.0518522      0.00247004      0.0016694      0.000976602      0.081188      0.00555132      0.0037127      0.00222172      0.000189173      0.000185569      0.00010382      9.72603e-05      7.47198e-05      3.00658e-05
1677      0.0182106      0.0513502      0.00244574      0.00165297      0.000966974      0.0802541      0.00549688      0.00367629      0.00219989      0.000187006      0.00018373      0.00010279      9.61459e-05      7.39786e-05      2.97218e-05
1696      0.0180013      0.0508528      0.00242163      0.00163667      0.000957424      0.0793336      0.0054429      0.00364018      0.00217824      0.000184866      0.000181906      0.000101768      9.50454e-05      7.32431e-05      2.9382e-05
1715      0.017795      0.0503601      0.00239772      0.00162051      0.000947952      0.0784261      0.00538938      0.00360438      0.00215678      0.000182753      0.000180096      0.000100754      9.39589e-05      7.25134e-05      2.90464e-05
1734      0.0175915      0.0498721      0.00237402      0.00160449      0.000938562      0.0775317      0.00533634      0.0035689      0.0021355      0.000180666      0.000178302      9.97481e-05      9.28862e-05      7.17896e-05      2.87151e-05
1753      0.0173908      0.0493889      0.00235053      0.00158861      0.000929253      0.07665      0.00528377      0.00353373      0.00211441      0.000178607      0.000176522      9.87508e-05      9.18273e-05      7.10719e-05      2.83879e-05
1772      0.017193      0.0489104      0.00232725      0.00157288      0.000920027      0.075781      0.00523169      0.00349889      0.00209351      0.000176574      0.000174758      9.77621e-05      9.07822e-05      7.03603e-05      2.80649e-05
1791      0.0169979      0.0484366      0.00230418      0.00155729      0.000910885      0.0749245      0.00518009      0.00346438      0.0020728      0.000174568      0.000173009      9.67821e-05      8.97507e-05      6.96551e-05      2.77461e-05
1810      0.0168056      0.0479677      0.00228133      0.00154184      0.000901828      0.0740803      0.00512899      0.00343019      0.00205229      0.000172588      0.000171276      9.58109e-05      8.87327e-05      6.89561e-05      2.74315e-05
1829      0.016616      0.0475034      0.0022587      0.00152654      0.000892856      0.0732483      0.00507837      0.00339633      0.00203198      0.000170634      0.00016956      9.48486e-05      8.77281e-05      6.82637e-05      2.71209e-05
1848      0.016429      0.047044      0.00223629      0.00151139      0.00088397      0.0724282      0.00502825      0.0033628      0.00201186      0.000168706      0.000167859      9.38954e-05      8.67368e-05      6.75777e-05      2.68144e-05
1867      0.0162447      0.0465893      0.00221409      0.00149638      0.000875171      0.07162      0.00497863      0.00332961      0.00199194      0.000166804      0.000166175      9.29512e-05      8.57588e-05      6.68982e-05      2.65119e-05
1886      0.016063      0.0461394      0.00219212      0.00148153      0.000866459      0.0708234      0.00492951      0.00329675      0.00197223      0.000164927      0.000164507      9.20162e-05      8.47938e-05      6.62254e-05      2.62134e-05
1905      0.0158838      0.0456942      0.00217036      0.00146683      0.000857834      0.0700382      0.00488089      0.00326422      0.0019527      0.000163075      0.000162856      9.10904e-05      8.38418e-05      6.55591e-05      2.59189e-05
1924      0.0157072      0.0452537      0.00214883      0.00145227      0.000849297      0.0692644      0.00483277      0.00323202      0.00193338      0.000161248      0.000161221      9.01739e-05      8.29026e-05      6.48996e-05      2.56284e-05
1943      0.0155331      0.0448179      0.00212752      0.00143787      0.000840847      0.0685017      0.00478514      0.00320016      0.00191426      0.000159446      0.000159603      8.92667e-05      8.1976e-05      6.42467e-05      2.53417e-05
1962      0.0153615      0.0443868      0.00210643      0.00142361      0.000832485      0.06775      0.00473802      0.00316864      0.00189534      0.000157668      0.000158001      8.83688e-05      8.10621e-05      6.36005e-05      2.50589e-05
1981      0.0151923      0.0439604      0.00208557      0.00140951      0.00082421      0.0670091      0.00469139      0.00313745      0.00187662      0.000155915      0.000156416      8.74801e-05      8.01605e-05      6.2961e-05      2.47799e-05
2000      0.0150255      0.0435386      0.00206492      0.00139555      0.000816024      0.0662789      0.00464526      0.00310659      0.0018581      0.000154185      0.000154848      8.66009e-05      7.92713e-05      6.23283e-05      2.45047e-05
