m_sq,dd,du,ds,dc,db,uu,us,uc,ub,ss,sc,sb,cc,cb,bb
100      0.111473      0.178239      0.0304183      0.0210786      0.0130231      0.286175      0.0490664      0.0340857      0.0213726      0.00784654      0.0054193      0.00322142      0.00374549      0.0022216      0.00130809
138      0.0864222      0.141032      0.0220743      0.0153257      0.00956408      0.230559      0.0365312      0.0254086      0.0161022      0.00530072      0.00368101      0.00220772      0.0025594      0.00153226      0.000910614
157      0.0771169      0.127102      0.0190544      0.0132269      0.00827116      0.209633      0.0319153      0.022185      0.0140915      0.00442262      0.00307663      0.00184833      0.0021435      0.00128564      0.000765452
176      0.0692339      0.115224      0.0165524      0.0114837      0.0071878      0.191704      0.028048      0.019477      0.0123857      0.00371798      0.00259009      0.00155703      0.00180753      0.00108501      0.000646507
195      0.0624572      0.104941      0.0144541      0.0100198      0.00627267      0.176095      0.0247686      0.0171776      0.0109275      0.00314564      0.00219396      0.00131883      0.00153327      0.000920471      0.000548511
214      0.0565657      0.0959331      0.0126772      0.00877932      0.00549397      0.162335      0.0219608      0.0152078      0.0096724      0.00267595      0.00186824      0.00112239      0.00130728      0.00078446      0.000467247
233      0.0513966      0.0879668      0.0111601      0.00772019      0.00482723      0.150085      0.0195374      0.0135082      0.00858576      0.00228708      0.00159818      0.000959204      0.00111957      0.000671258      0.000399476
252      0.0468282      0.0808688      0.00985633      0.00681036      0.00425347      0.139094      0.0174326      0.0120329      0.00764048      0.00196285      0.00137271      0.000822836      0.000962629      0.000576502      0.000342684
271      0.0427662      0.0745051      0.00872954      0.00602448      0.00375734      0.129168      0.0155943      0.0107457      0.00681454      0.00169076      0.0011833      0.000708223      0.000830607      0.000496743      0.000294853
290      0.0391349      0.0687688      0.00775074      0.00534239      0.00332655      0.120155      0.0139811      0.00961753      0.00609011      0.00146112      0.00102329      0.000611413      0.00071895      0.000429284      0.000254398
309      0.0358744      0.0635754      0.00689696      0.00474803      0.00295123      0.111935      0.0125599      0.00862507      0.00545272      0.0012664      0.000887504      0.000529304      0.000624099      0.000372002      0.000220062
328      0.0329359      0.0588557      0.00614951      0.00422827      0.00262318      0.104408      0.0113034      0.00774907      0.00489028      0.00110058      0.000771788      0.000459393      0.000543193      0.000323178      0.000190819
347      0.0302792      0.0545529      0.00549297      0.00377227      0.00233559      0.0974953      0.0101891      0.0069735      0.00439258      0.00095881      0.000672786      0.000399642      0.00047391      0.000281405      0.000165823
366      0.02787      0.0506187      0.00491449      0.00337098      0.00208275      0.0911272      0.00919802      0.00628488      0.00395101      0.000837142      0.000587768      0.000348394      0.000414361      0.000245541      0.000144388
385      0.0256798      0.0470125      0.00440339      0.00301689      0.00185991      0.0852463      0.00831423      0.00567192      0.00355836      0.000732384      0.000514522      0.000304305      0.000363015      0.000214658      0.000125954
404      0.0236845      0.0437002      0.00395089      0.00270381      0.00166316      0.0798045      0.00752458      0.00512528      0.00320861      0.000641956      0.000451261      0.000266286      0.000318633      0.000188002      0.000110069
423      0.021863      0.0406519      0.00354935      0.00242636      0.00148907      0.0747591      0.00681755      0.00463674      0.00289645      0.000563678      0.00039647      0.000233414      0.000280165      0.000164935      9.63441e-05
442      0.0201971      0.0378412      0.00319221      0.00217992      0.00133468      0.0700729      0.00618316      0.0041992      0.0026173      0.000495724      0.000348878      0.000204912      0.000246725      0.000144917      8.44541e-05
461      0.0186711      0.0352462      0.00287406      0.00196068      0.00119756      0.0657147      0.00561311      0.00380675      0.00236729      0.000436613      0.000307458      0.000180152      0.000217599      0.000127512      7.41346e-05
480      0.0172714      0.0328471      0.00259019      0.0017653      0.0010756      0.0616562      0.0051001      0.0034542      0.00214309      0.00038509      0.000271336      0.000158601      0.00019218      0.000112349      6.51619e-05
499      0.0159859      0.0306262      0.0023365      0.00159092      0.000966954      0.0578724      0.00463775      0.00313705      0.00194175      0.000340093      0.000239772      0.000139807      0.000169951      9.91156e-05      5.73462e-05
518      0.0148037      0.028568      0.00210945      0.00143505      0.000870033      0.0543408      0.0042205      0.00285133      0.0017607      0.000300721      0.000212139      0.000123388      0.000150477      8.75448e-05      5.05266e-05
537      0.0137152      0.0266584      0.00190593      0.00129551      0.000783444      0.0510412      0.00384343      0.00259357      0.00159767      0.000266204      0.000187901      0.000109017      0.000133383      7.74088e-05      4.45651e-05
556      0.0127118      0.0248848      0.00172322      0.00117038      0.000705963      0.0479552      0.00350217      0.00236068      0.00145067      0.000235883      0.000166598      9.64136e-05      0.000118347      6.85121e-05      3.93436e-05
575      0.0117869      0.0232373      0.00155922      0.0010582      0.000636656      0.0450687      0.00319337      0.00215029      0.00131815      0.000209253      0.000147879      8.53637e-05      0.000105125      6.0706e-05      3.47727e-05
594      0.010933      0.021705      0.0014117      0.000957411      0.000574521      0.0423657      0.0029134      0.00195985      0.00119843      0.000185799      0.000131384      7.56483e-05      9.34658e-05      5.3837e-05      3.07593e-05
613      0.0101438      0.0202784      0.00127881      0.000866715      0.000518732      0.0398321      0.00265924      0.00178723      0.00109014      0.000165104      0.00011682      6.70898e-05      8.31642e-05      4.77811e-05      2.72289e-05
632      0.00941478      0.0189508      0.0011592      0.000785167      0.000468688      0.0374583      0.00242867      0.00163086      0.000992263      0.000146861      0.000103975      5.9559e-05      7.40713e-05      4.24482e-05      2.41272e-05
651      0.0087399      0.0177129      0.00105121      0.00071161      0.000423649      0.0352304      0.0022189      0.00148879      0.000903529      0.000130714      9.25996e-05      5.2905e-05      6.60129e-05      3.77324e-05      2.13908e-05
670      0.00811575      0.0165597      0.000953837      0.000645358      0.000383183      0.0331409      0.00202832      0.0013599      0.000823206      0.000116449      8.25439e-05      4.70372e-05      5.88842e-05      3.35707e-05      1.89817e-05
689      0.00753747      0.0154837      0.000865823      0.000585527      0.000346724      0.0311785      0.00185475      0.00124267      0.000750312      0.000103804      7.3625e-05      4.18449e-05      5.25568e-05      2.98852e-05      1.68533e-05
708      0.00700153      0.0144794      0.000786229      0.000531467      0.000313861      0.029335      0.00169661      0.001136      0.000684132      9.25869e-05      6.57091e-05      3.72476e-05      4.69369e-05      2.66195e-05      1.49718e-05
727      0.00650529      0.0135428      0.000714342      0.000482685      0.000284282      0.0276044      0.00155271      0.00103905      0.000624125      8.26527e-05      5.86944e-05      3.3184e-05      4.19533e-05      2.37308e-05      1.33118e-05
746      0.00604477      0.0126675      0.000649202      0.000438516      0.000257565      0.0259771      0.00142135      0.000950649      0.00056954      7.38174e-05      5.24519e-05      2.95763e-05      3.75151e-05      2.11643e-05      1.18405e-05
765      0.00561743      0.0118498      0.00059018      0.000398524      0.000233435      0.0244469      0.00130147      0.000870055      0.000519889      6.59593e-05      4.68965e-05      2.63735e-05      3.35626e-05      1.88841e-05      1.05365e-05
784      0.00522104      0.011086      0.000536727      0.000362333      0.000211654      0.0230085      0.00119209      0.000796604      0.000474749      5.8974e-05      4.19551e-05      2.35319e-05      3.00445e-05      1.68596e-05      9.38171e-06
803      0.00485332      0.0103725      0.000488304      0.00032957      0.000191986      0.0216563      0.00109229      0.000729645      0.000433698      5.27618e-05      3.7558e-05      2.10097e-05      2.69117e-05      1.50614e-05      8.35861e-06
822      0.00451172      0.00970516      0.00044435      0.000299848      0.00017419      0.0203838      0.00100104      0.000668484      0.000396291      4.72227e-05      3.36349e-05      1.87649e-05      2.41147e-05      1.34599e-05      7.44966e-06
841      0.00419438      0.00908106      0.000404445      0.00027288      0.000158084      0.0191863      0.000917611      0.000612607      0.000362199      4.22823e-05      3.01337e-05      1.67666e-05      2.16167e-05      1.20332e-05      6.64198e-06
860      0.00389954      0.0084973      0.000368208      0.000248404      0.000143504      0.0180593      0.000841309      0.000561545      0.000331122      3.78742e-05      2.70078e-05      1.4987e-05      1.93851e-05      1.07617e-05      5.92407e-06
879      0.00362557      0.00795123      0.000335293      0.000226182      0.000130301      0.0169986      0.000771508      0.000514869      0.000302784      3.39394e-05      2.42159e-05      1.34015e-05      1.73905e-05      9.62827e-06      5.28571e-06
898      0.00337096      0.00744034      0.000305385      0.000206      0.000118342      0.0160001      0.000707636      0.000472185      0.000276935      3.04254e-05      2.17208e-05      1.19883e-05      1.56068e-05      8.61732e-06      4.71783e-06
917      0.0031343      0.00696232      0.000278201      0.000187663      0.000107506      0.0150601      0.00064917      0.000433139      0.000253349      2.72853e-05      1.949e-05      1.0728e-05      1.40111e-05      7.71517e-06      4.21241e-06
936      0.00291429      0.00651497      0.000253483      0.000170995      9.76827e-05      0.0141751      0.000595635      0.000397406      0.00023182      2.44781e-05      1.74944e-05      9.60356e-06      1.25826e-05      6.90972e-06      3.76234e-06
955      0.00270972      0.00609629      0.000231001      0.00015584      8.87747e-05      0.0133418      0.000546599      0.000364693      0.000212161      2.19669e-05      1.57082e-05      8.59971e-06      1.13032e-05      6.19024e-06      3.36138e-06
974      0.00251949      0.0057044      0.000210546      0.000142055      8.0694e-05      0.0125571      0.000501673      0.000334735      0.000194203      1.97197e-05      1.41087e-05      7.70315e-06      1.01569e-05      5.54727e-06      3.00401e-06
993      0.00234258      0.00533755      0.000191929      0.000129512      7.33616e-05      0.0118182      0.0004605      0.000307292      0.000177796      1.77077e-05      1.26757e-05      6.90206e-06      9.12936e-06      4.97244e-06      2.68536e-06
1012      0.00217804      0.00499413      0.000174983      0.000118096      6.67063e-05      0.0111222      0.000422759      0.000282144      0.000162801      1.59055e-05      1.13914e-05      6.18598e-06      8.20787e-06      4.45831e-06      2.40113e-06
1031      0.00202499      0.00467262      0.000159552      0.000107703      6.06637e-05      0.0104668      0.000388155      0.000259093      0.000149092      1.42906e-05      1.02399e-05      5.5456e-06      7.38115e-06      3.99828e-06      2.14748e-06
1050      0.00188262      0.00437159      0.000145496      9.82367e-05      5.51755e-05      0.00984945      0.000356418      0.000237957      0.000136554      1.28428e-05      9.20688e-06      4.97265e-06      6.6391e-06      3.58647e-06      1.92103e-06
1069      0.00175015      0.0040897      0.00013269      8.96123e-05      5.0189e-05      0.00926794      0.0003273      0.000218569      0.000125085      1.15441e-05      8.2797e-06      4.45975e-06      5.97273e-06      3.21763e-06      1.71875e-06
1088      0.00162688      0.00382569      0.000121016      8.17511e-05      4.56562e-05      0.00872009      0.000300577      0.000200778      0.000114587      1.03784e-05      7.44703e-06      4.00035e-06      5.37395e-06      2.8871e-06      1.53797e-06
1107      0.00151214      0.00357837      0.00011037      7.45818e-05      4.15337e-05      0.00820386      0.000276038      0.000184443      0.000104974      9.33147e-06      6.69874e-06      3.58859e-06      4.83558e-06      2.5907e-06      1.37628e-06
1126      0.00140531      0.00334665      0.000100658      6.80407e-05      3.77829e-05      0.00771734      0.000253499      0.000169439      9.6167e-05      8.39064e-06      6.0259e-06      3.21932e-06      4.35126e-06      2.32477e-06      1.2316e-06
1145      0.00130606      0.00312995      9.18211e-05      6.20891e-05      3.438e-05      0.00725961      0.000232846      0.000155692      8.81207e-05      7.54787e-06      5.42287e-06      2.88929e-06      3.91698e-06      2.08698e-06      1.1026e-06
1164      0.00121378      0.00292715      8.37705e-05      5.66663e-05      3.12883e-05      0.0068287      0.0002139      0.00014308      8.07592e-05      6.7916e-06      4.88143e-06      2.59377e-06      3.52687e-06      1.87398e-06      9.87369e-07
1183      0.0011279      0.00273722      7.64264e-05      5.17187e-05      2.84755e-05      0.00642276      0.000196499      0.000131495      7.40153e-05      6.11179e-06      4.39447e-06      2.3287e-06      3.17587e-06      1.68284e-06      8.84242e-07
1202      0.00104793      0.00255923      6.97201e-05      4.71998e-05      2.59134e-05      0.00604014      0.0001805      0.000120843      6.78309e-05      5.49991e-06      3.95594e-06      2.09061e-06      2.85963e-06      1.5111e-06      7.91825e-07
1221      0.000973404      0.00239234      6.35899e-05      4.30683e-05      2.35774e-05      0.00567931      0.000165778      0.000111039      6.21539e-05      4.94847e-06      3.56053e-06      1.87649e-06      2.57438e-06      1.35659e-06      7.089e-07
1240      0.000904227      0.00223639      5.80149e-05      3.931e-05      2.14588e-05      0.00534008      0.000152294      0.000102058      5.69682e-05      4.45451e-06      3.20616e-06      1.68515e-06      2.31864e-06      1.21846e-06      6.34986e-07
1259      0.000839934      0.00209051      5.29351e-05      3.58847e-05      1.95335e-05      0.00502086      0.000139921      9.3815e-05      5.22223e-05      4.01093e-06      2.88778e-06      1.51372e-06      2.08878e-06      1.09467e-06      5.68925e-07
1278      0.000780057      0.0019538      4.82929e-05      3.27536e-05      1.77784e-05      0.00471998      0.000128538      8.62294e-05      4.78665e-05      3.61114e-06      2.6007e-06      1.35954e-06      1.88145e-06      9.83299e-07      5.09653e-07
1297      0.000724219      0.00182553      4.40431e-05      2.98861e-05      1.61754e-05      0.00443607      0.000118048      7.92367e-05      4.38615e-05      3.25003e-06      2.34128e-06      1.22058e-06      1.69403e-06      8.8289e-07      4.5635e-07
1316      0.000672445      0.00170579      4.01818e-05      2.72798e-05      1.4723e-05      0.00416941      0.000108447      7.28347e-05      4.02059e-05      2.92679e-06      2.10896e-06      1.09649e-06      1.52614e-06      7.93211e-07      4.08887e-07
1335      0.000624328      0.00159379      3.66613e-05      2.49027e-05      1.34021e-05      0.0039185      9.96331e-05      6.6955e-05      3.6858e-05      2.63618e-06      1.90001e-06      9.85202e-07      1.37509e-06      7.12755e-07      3.66423e-07
1354      0.000579467      0.00148873      3.34378e-05      2.27253e-05      1.21954e-05      0.00368179      9.15091e-05      6.15334e-05      3.37789e-05      2.37355e-06      1.71109e-06      8.84836e-07      1.23848e-06      6.4018e-07      3.28216e-07
1373      0.000537724      0.00139035      3.04939e-05      2.07358e-05      1.1096e-05      0.00345884      8.40386e-05      5.65457e-05      3.09541e-05      2.13692e-06      1.54082e-06      7.9462e-07      1.11533e-06      5.74931e-07      2.9396e-07
1392      0.00049906      0.0012986      2.78208e-05      1.89286e-05      1.01005e-05      0.00324963      7.72055e-05      5.19814e-05      2.83769e-05      1.92518e-06      1.38839e-06      7.14099e-07      1.00505e-06      5.16683e-07      2.63471e-07
1411      0.000463021      0.00121256      2.53728e-05      1.72727e-05      9.1908e-06      0.00305231      7.09064e-05      4.77717e-05      2.60062e-05      1.73372e-06      1.25052e-06      6.4145e-07      9.05285e-07      4.64119e-07      2.36028e-07
1430      0.000429451      0.00113191      2.3133e-05      1.5757e-05      8.36036e-06      0.00286629      6.51041e-05      4.3892e-05      2.38272e-05      1.5608e-06      1.12596e-06      5.75986e-07      8.15129e-07      4.16746e-07      2.11359e-07
1449      0.000398402      0.0010568      2.11024e-05      1.43821e-05      7.60948e-06      0.00269194      5.98039e-05      4.0346e-05      2.18418e-05      1.40628e-06      1.01462e-06      5.17651e-07      7.3453e-07      3.74527e-07      1.89442e-07
1468      0.000369446      0.000986327      1.92407e-05      1.31209e-05      6.92255e-06      0.00252744      5.4913e-05      3.7072e-05      2.00134e-05      1.26636e-06      9.13758e-07      4.64937e-07      6.61505e-07      3.36371e-07      1.69684e-07
1487      0.000342511      0.000920352      1.75397e-05      1.1968e-05      6.29636e-06      0.00237254      5.04134e-05      3.40581e-05      1.8335e-05      1.14016e-06      8.22768e-07      4.1751e-07      5.95615e-07      3.02037e-07      1.51953e-07
1506      0.000317594      0.000858902      1.59965e-05      1.09214e-05      5.72974e-06      0.00222733      4.63005e-05      3.13016e-05      1.68046e-05      1.02726e-06      7.41353e-07      3.752e-07      5.36652e-07      2.71407e-07      1.36182e-07
1525      0.000294316      0.000801151      1.45779e-05      9.95878e-06      5.20985e-06      0.00209013      4.24956e-05      2.87498e-05      1.53915e-05      9.24673e-07      6.67347e-07      3.36832e-07      4.83049e-07      2.43627e-07      1.21913e-07
1544      0.000272777      0.000747347      1.32903e-05      9.08456e-06      4.73922e-06      0.00196149      3.90162e-05      2.64149e-05      1.41023e-05      8.32854e-07      6.01098e-07      3.02589e-07      4.35059e-07      2.18833e-07      1.09216e-07
1563      0.000252777      0.000697061      1.21156e-05      8.28654e-06      4.31085e-06      0.00184053      3.58198e-05      2.42683e-05      1.29206e-05      7.50146e-07      5.41411e-07      2.71821e-07      3.9182e-07      1.96555e-07      9.78387e-08
1582      0.000234107      0.000649837      1.10367e-05      7.55313e-06      3.91816e-06      0.00172632      3.28648e-05      2.22826e-05      1.18301e-05      6.75053e-07      4.87209e-07      2.43948e-07      3.52552e-07      1.76373e-07      8.75562e-08
1601      0.0002169      0.000605996      1.00619e-05      6.89008e-06      3.56435e-06      0.00161957      3.01738e-05      2.04729e-05      1.08396e-05      6.08182e-07      4.38934e-07      2.19202e-07      3.17577e-07      1.58455e-07      7.8457e-08
1620      0.000200814      0.000564772      9.16438e-06      6.27925e-06      3.23919e-06      0.00151865      2.76809e-05      1.87953e-05      9.92361e-06      5.47278e-07      3.9496e-07      1.96712e-07      2.85718e-07      1.42171e-07      7.02059e-08
1639      0.000185955      0.000526423      8.35103e-06      5.72533e-06      2.94527e-06      0.00142416      2.54042e-05      1.7262e-05      9.08904e-06      4.92843e-07      3.55652e-07      1.76671e-07      2.57239e-07      1.27661e-07      6.28761e-08
1658      0.000172148      0.000490559      7.60782e-06      5.21887e-06      2.67728e-06      0.00133527      2.33094e-05      1.58503e-05      8.32272e-06      4.43696e-07      3.20159e-07      1.58621e-07      2.31525e-07      1.14593e-07      5.62922e-08
1677      0.000159295      0.000456964      6.92729e-06      4.75482e-06      2.4324e-06      0.00125151      2.13783e-05      1.45478e-05      7.61763e-06      3.99223e-07      2.8804e-07      1.42328e-07      2.08255e-07      1.02799e-07      5.03649e-08
1696      0.000147439      0.000425751      6.31123e-06      4.33446e-06      2.21129e-06      0.00117318      1.96165e-05      1.33586e-05      6.97588e-06      3.59507e-07      2.59353e-07      1.27822e-07      1.87474e-07      9.22981e-08      4.51041e-08
1715      0.000136351      0.00039639      5.74345e-06      3.94681e-06      2.00786e-06      0.0010991      1.79827e-05      1.22551e-05      6.38175e-06      3.23284e-07      2.33189e-07      1.1462e-07      1.68521e-07      8.27428e-08      4.03273e-08
1734      0.000126166      0.000369213      5.23218e-06      3.5975e-06      1.82519e-06      0.00103005      1.64992e-05      1.12522e-05      5.84367e-06      2.91135e-07      2.09967e-07      1.02941e-07      1.51702e-07      7.42917e-08      3.61165e-08
1753      0.000116622      0.000343607      4.75971e-06      3.2745e-06      1.65666e-06      0.000964654      1.51203e-05      1.03193e-05      5.34423e-06      2.61715e-07      1.88716e-07      9.22753e-08      1.36311e-07      6.65743e-08      3.2279e-08
1772      0.000107867      0.000319932      4.33488e-06      2.98387e-06      1.50555e-06      0.000903755      1.38697e-05      9.47254e-06      4.8925e-06      2.35646e-07      1.69886e-07      8.28568e-08      1.22676e-07      5.97609e-08      2.89025e-08
1791      9.96737e-05      0.000297651      3.94277e-06      2.71547e-06      1.36631e-06      0.000846137      1.27086e-05      8.68577e-06      4.47371e-06      2.1182e-07      1.52676e-07      7.42665e-08      1.10216e-07      5.35474e-08      2.58296e-08
1810      9.2142e-05      0.000277012      3.5892e-06      2.47327e-06      1.24109e-06      0.000792394      1.16528e-05      7.9698e-06      4.09388e-06      1.90636e-07      1.37376e-07      6.66541e-08      9.91405e-08      4.80426e-08      2.31159e-08
1829      8.5116e-05      0.000257644      3.26412e-06      2.25046e-06      1.12617e-06      0.000741677      1.0676e-05      7.30684e-06      3.74302e-06      1.71358e-07      1.23453e-07      5.97423e-08      8.90635e-08      4.30454e-08      2.06579e-08
1848      7.86406e-05      0.000239661      2.96992e-06      2.04868e-06      1.02243e-06      0.00069427      9.78484e-06      6.70154e-06      3.42369e-06      1.54142e-07      1.11022e-07      5.35897e-08      8.00679e-08      3.85982e-08      1.84771e-08
1867      7.2616e-05      0.000222826      2.70029e-06      1.86363e-06      9.27539e-07      0.000649628      8.96267e-06      6.14267e-06      3.12959e-06      1.38533e-07      9.97509e-08      4.80244e-08      7.19135e-08      3.45765e-08      1.65094e-08
1886      6.70578e-05      0.000207182      2.45589e-06      1.6958e-06      8.41738e-07      0.000607866      8.21158e-06      5.63169e-06      2.86153e-06      1.24566e-07      8.96681e-08      4.30606e-08      6.46207e-08      3.09904e-08      1.47601e-08
1905      6.18921e-05      0.000192549      2.23215e-06      1.54206e-06      7.63341e-07      0.000568573      7.5193e-06      5.16036e-06      2.6149e-06      1.11917e-07      8.05375e-08      3.85762e-08      5.8018e-08      2.77516e-08      1.31839e-08
1924      5.71292e-05      0.000178958      2.02946e-06      1.40269e-06      6.92497e-07      0.000531831      6.88716e-06      4.72962e-06      2.3902e-06      1.00606e-07      7.23741e-08      3.45787e-08      5.21166e-08      2.48653e-08      1.17834e-08
1943      5.26996e-05      0.000166238      1.84369e-06      1.27489e-06      6.27691e-07      0.000497243      6.30393e-06      4.33191e-06      2.18326e-06      9.03474e-08      6.49716e-08      3.09622e-08      4.67665e-08      2.22548e-08      1.05195e-08
1962      4.86255e-05      0.00015445      1.67589e-06      1.15937e-06      5.69303e-07      0.000464963      5.77273e-06      3.96938e-06      1.99522e-06      8.12032e-08      5.83749e-08      2.77492e-08      4.20004e-08      1.99365e-08      9.40055e-09
1981      4.48262e-05      0.000143391      1.52153e-06      1.05305e-06      5.15688e-07      0.000434511      5.28101e-06      3.63356e-06      1.82144e-06      7.28741e-08      5.23672e-08      2.48292e-08      3.7661e-08      1.78303e-08      8.38603e-09
2000      4.13479e-05      0.000133184      1.38288e-06      9.57485e-07      4.67663e-07      0.000406194      4.83542e-06      3.32898e-06      1.66436e-06      6.54973e-08      4.70482e-08      2.22525e-08      3.38206e-08      1.59724e-08      7.4941e-09
