100  1127.85  
119.192  986.559  
138.384  872.169  
157.576  776.779  
176.768  696.509  
195.96  628.664  
215.152  567.692  
234.343  515.737  
253.535  469.961  
272.727  428.818  
291.919  393.317  
311.111  360.219  
330.303  330.977  
349.495  303.452  
368.687  280.77  
387.879  259.081  
407.071  239.58  
426.263  221.736  
445.455  205.218  
464.646  190.097  
483.838  176.274  
503.03  163.451  
522.222  151.733  
541.414  140.761  
560.606  131.14  
579.798  122.015  
598.99  113.583  
618.182  105.798  
637.374  98.5083  
656.566  91.7846  
675.758  85.6405  
694.949  79.862  
714.141  74.4214  
733.333  69.4226  
752.525  64.8008  
771.717  60.2911  
790.909  56.483  
810.101  52.7435  
829.293  49.2587  
848.485  46.0005  
867.677  42.9885  
886.869  40.1854  
906.061  37.5293  
925.253  35.0509  
944.444  32.7577  
963.636  30.6821  
982.828  28.6568  
1002.02  26.7937  
1021.21  25.0344  
1040.4  23.3902  
1059.6  21.8587  
1078.79  20.4527  
1097.98  19.0849  
1117.17  17.8099  
1136.36  16.712  
1155.56  15.6286  
1174.75  14.6069  
1193.94  13.6507  
1213.13  12.7576  
1232.32  11.931  
1251.52  11.1596  
1270.71  10.4345  
1289.9  9.74523  
1309.09  9.10457  
1328.28  8.52609  
1347.47  7.94736  
1366.67  7.42852  
1385.86  6.9445  
1405.05  6.50165  
1424.24  6.06655  
1443.43  5.66399  
1462.63  5.28586  
1481.82  4.93561  
1501.01  4.60751  
1520.2  4.30169  
1539.39  4.01358  
1558.59  3.72544  
1577.78  3.50035  
1596.97  3.26571  
1616.16  3.04824  
1635.35  2.8453  
1654.55  2.65277  
1673.74  2.4736  
1692.93  2.30674  
1712.12  2.15131  
1731.31  2.00654  
1750.51  1.87007  
1769.7  1.74469  
1788.89  1.62495  
1808.08  1.51521  
1827.27  1.41157  
1846.46  1.31496  
1865.66  1.22371  
1884.85  1.13899  
1904.04  1.06029  
1923.23  0.986881  
1942.42  0.919206  
1961.62  0.855335  
1980.81  0.796361  
2000  0.740633  
