100  345.676  
129.293  339.26  
158.586  331.729  
187.879  323.282  
217.172  314.095  
246.465  304.421  
275.758  294.351  
305.051  284.038  
334.343  273.662  
363.636  263.296  
392.929  253.021  
422.222  242.902  
451.515  233.004  
480.808  223.336  
510.101  213.949  
539.394  204.87  
568.687  196.097  
597.98  187.669  
627.273  179.54  
656.566  171.727  
685.859  164.244  
715.152  157.093  
744.444  150.26  
773.737  143.697  
803.03  137.445  
832.323  131.472  
861.616  125.778  
890.909  120.352  
920.202  115.182  
949.495  110.243  
978.788  105.513  
1008.08  101.033  
1037.37  96.773  
1066.67  92.6998  
1095.96  88.8223  
1125.25  85.1356  
1154.55  81.6121  
1183.84  78.2571  
1213.13  75.0592  
1242.42  72.0141  
1271.72  69.1078  
1301.01  66.3371  
1330.3  63.6871  
1359.6  61.1738  
1388.89  58.7524  
1418.18  56.4692  
1447.47  54.2763  
1476.77  52.1775  
1506.06  50.1782  
1535.35  48.2682  
1564.65  46.4432  
1593.94  44.6929  
1623.23  43.0236  
1652.53  41.4296  
1681.82  39.9089  
1711.11  38.45  
1740.4  37.0526  
1769.7  35.7163  
1798.99  34.4353  
1828.28  33.2101  
1857.58  32.0364  
1886.87  30.9105  
1916.16  29.8328  
1945.45  28.7982  
1974.75  27.8062  
2004.04  26.8559  
2033.33  25.9441  
2062.63  25.0701  
2091.92  24.2312  
2121.21  23.4245  
2150.51  22.6499  
2179.8  21.9059  
2209.09  21.191  
2238.38  20.504  
2267.68  19.8419  
2296.97  19.206  
2326.26  18.5951  
2355.56  18.0067  
2384.85  17.4413  
2414.14  16.899  
2443.43  16.3733  
2472.73  15.8705  
2502.02  15.3846  
2531.31  14.9159  
2560.61  14.4687  
2589.9  14.0347  
2619.19  13.6136  
2648.48  13.2095  
2677.78  12.8198  
2707.07  12.444  
2736.36  12.084  
2765.66  11.734  
2794.95  11.3951  
2824.24  11.0689  
2853.54  10.7548  
2882.83  10.4498  
2912.12  10.156  
2941.41  9.87212  
2970.71  9.59527  
3000  9.33019  
