1000  363.202  
1000  367.564  
1000  372.325  
1000  377.122  
1000  381.871  
1000  386.269  
1000  390.037  
1000  393.46  
1000  396.359  
1000  398.662  
1000  400.33  
1000  401.355  
1000  401.754  
1000  401.637  
1000  400.857  
1000  399.614  
1000  397.887  
1000  395.735  
1000  393.179  
1000  390.278  
1000  387.048  
1000  383.545  
1000  379.784  
1000  375.811  
1000  371.652  
1000  367.337  
1000  362.893  
1000  358.298  
1000  353.628  
1000  348.872  
1000  344.088  
1000  339.258  
1000  334.401  
1000  329.525  
1000  324.648  
1000  319.78  
1000  314.915  
1000  310.072  
1000  305.28  
1000  300.509  
1000  295.789  
1000  291.119  
1000  286.494  
1000  281.935  
1000  277.425  
1000  272.974  
1000  268.575  
1000  264.257  
1000  259.992  
1000  255.797  
1000  251.671  
1000  247.611  
1000  243.618  
1000  239.698  
1000  235.843  
1000  232.053  
1000  228.339  
1000  224.684  
1000  221.094  
1000  217.569  
1000  214.108  
1000  210.713  
1000  207.385  
1000  204.116  
1000  200.908  
1000  197.763  
1000  194.679  
1000  191.652  
1000  188.682  
1000  185.771  
1000  182.915  
1000  180.114  
1000  177.367  
1000  174.673  
1000  172.031  
1000  169.44  
1000  166.904  
1000  164.412  
1000  161.972  
1000  159.575  
1000  157.224  
1000  154.913  
1000  152.656  
1000  150.438  
1000  148.262  
1000  146.129  
1000  144.039  
1000  141.986  
1000  139.971  
1000  137.994  
1000  136.054  
1000  134.155  
1000  132.287  
1000  130.455  
1000  128.656  
1000  126.891  
1000  125.158  
1000  123.457  
1000  121.787  
1000  120.148  
