100  77466.1  
119.192  56373.2  
138.384  42616.2  
157.576  33174.6  
176.768  26356.3  
195.96  21246.3  
215.152  17456.6  
234.343  14499.9  
253.535  12167  
272.727  10294.8  
291.919  8799.68  
311.111  7562.88  
330.303  6537.69  
349.495  5680.2  
368.687  4982.86  
387.879  4353.83  
407.071  3838.34  
426.263  3390.44  
445.455  3009.8  
464.646  2685.13  
483.838  2391.08  
503.03  2141.28  
522.222  1929.75  
541.414  1725.95  
560.606  1554.57  
579.798  1404.6  
598.99  1268.95  
618.182  1149.72  
637.374  1041.78  
656.566  947.324  
675.758  861.106  
694.949  782.809  
714.141  713.95  
733.333  650.953  
752.525  596.051  
771.717  544.193  
790.909  498.384  
810.101  455.413  
829.293  418.731  
848.485  383.172  
867.677  352.445  
886.869  323.092  
906.061  297.177  
925.253  273.086  
944.444  251.598  
963.636  230.965  
982.828  213.115  
1002.02  196.507  
1021.21  181.008  
1040.4  166.981  
1059.6  154.209  
1078.79  142.247  
1097.98  131.237  
1117.17  121.233  
1136.36  112.012  
1155.56  103.493  
1174.75  95.5184  
1193.94  88.387  
1213.13  81.7557  
1232.32  75.6862  
1251.52  69.8734  
1270.71  64.653  
1289.9  59.8686  
1309.09  55.3257  
1328.28  51.2836  
1347.47  47.4473  
1366.67  43.8728  
1385.86  40.6884  
1405.05  37.6428  
1424.24  34.8559  
1443.43  32.3092  
1462.63  29.9464  
1481.82  27.7145  
1501.01  25.6323  
1520.2  23.7929  
1539.39  22.0054  
1558.59  20.3868  
1577.78  18.9042  
1596.97  17.4802  
1616.16  16.2095  
1635.35  15.0045  
1654.55  13.9352  
1673.74  12.8709  
1692.93  11.9328  
1712.12  11.0463  
1731.31  10.2467  
1750.51  9.49692  
1769.7  8.77792  
1788.89  8.12933  
1808.08  7.52839  
1827.27  6.97766  
1846.46  6.45023  
1865.66  5.97545  
1884.85  5.53075  
1904.04  5.11865  
1923.23  4.73818  
1942.42  4.38311  
1961.62  4.05641  
1980.81  3.75647  
2000  3.47145  
